Config: F2_1000-451.37802765886937s-1_A200
Number of source variables: 109
Number of target variables: 109
Time Elapsed: 192.69967365264893
Best State: [0 0 0 0 0 0 0 1 0 0 1 0 0 0 0 0 0 0 1 0 1 0 1 0 0 0 1 0 0 0 0 1 1 0 0 0 1
 1 0 0 0 0 0 0 0 0 0 0 0 1 0 0 0 0 0 0 0 0 0 0 0 1 0 0 1 0 1 0 0 1 0 1 1 1
 0 1 1 1 0 1 0 0 1 0 1 0 1 1 1 0 0 1 0 1 1 1 1 1 0 1 0 1 1 1 1 1 1 1 1]
792.0	0.07339449541284404
ChainStr/ChainLen: 451.37802765886937/16
Info: {'qpu_sampling_time': 360420.0, 'qpu_anneal_time_per_sample': 200.0, 'qpu_readout_time_per_sample': 139.88, 'qpu_access_time': 376348.37, 'qpu_access_overhead_time': 54683.63, 'qpu_programming_time': 15928.37, 'qpu_delay_time_per_sample': 20.54, 'total_post_processing_time': 19.0, 'post_processing_overhead_time': 19.0}
Embedding Info: {'embedding': {1: (4118, 4117, 4116, 1835, 4115, 1836, 4114, 4119, 4113, 1834, 1833), 0: (1716, 4179, 4178, 4177, 4176, 4175, 4174, 4173, 1731, 1730, 3504, 1729, 1728, 1727), 2: (814, 815, 816, 817, 818, 813, 812, 811, 810, 3319, 819), 3: (3788, 3787, 3791, 3789, 3790, 3786, 3785, 3784, 3783, 2209, 2208), 4: (978, 977, 976, 3320, 3321, 979, 980, 981, 3259, 3258, 982, 983, 984), 5: (4253, 1551, 4252, 4251, 1550, 1549, 1548, 4250, 4249, 4248), 6: (3638, 3639, 3640, 3641, 3637, 3636, 2118, 3635, 3634, 3633, 3642), 7: (784, 785, 786, 787, 788, 783, 789, 4713, 4714, 782, 781, 3288, 4564, 4565), 8: (4102, 4101, 4103, 1715, 1714, 1713, 4100, 4099, 4098, 4104), 9: (3335, 994, 995, 996, 997, 993, 992, 991, 3334, 998, 999, 4715, 3336), 10: (937, 936, 935, 934, 933, 938, 939, 932, 931, 3109, 940, 3108), 11: (3593, 3591, 3592, 3594, 3595, 3588, 3590, 3589, 1968, 768, 3596), 12: (1639, 1638, 3488, 1640, 3516, 3517, 1641, 3518, 3515, 3514, 1642, 3513), 13: (1282, 1283, 4506, 4505, 1281, 1280, 1279, 4503, 1278, 1277, 4504), 14: (3952, 3953, 1745, 3951, 3950, 3949, 3948, 2013, 3954, 3955, 2015, 2014, 770), 15: (1612, 4311, 4313, 4312, 4310, 1611, 1610, 4309, 1609, 4308, 1608), 16: (3712, 3711, 3710, 3713, 3709, 769, 3708, 3714, 3715, 3716, 3717), 17: (3863, 3862, 3861, 3860, 3864, 3858, 3865, 3859, 3866, 1774, 2000, 1773), 18: (846, 845, 844, 843, 842, 841, 840, 847, 848, 849, 4668, 3139), 19: (1323, 1322, 3441, 3440, 3439, 1324, 1325, 3438, 1326, 1327), 20: (756, 757, 758, 755, 754, 753, 4518, 759, 4594, 4595, 752, 4596, 751), 21: (3893, 3894, 3892, 3888, 3891, 3890, 3889, 3895, 3896, 2074, 2073, 604, 603), 22: (1369, 1370, 1371, 1372, 1368, 1367, 3396, 3395, 3394, 3393, 4432, 1418), 23: (1024, 1023, 1022, 3184, 1021, 1025, 1026, 1027, 1028, 3183, 1029), 24: (1582, 4358, 4357, 1577, 4356, 1581, 1580, 4355, 1579, 1578, 4354, 4353, 4403, 4328), 25: (1443, 1444, 1445, 1446, 3457, 3456, 3455, 3458, 1447, 3454, 3453, 1448), 26: (3832, 3831, 3830, 3833, 3834, 3835, 1744, 1743, 3829, 3828, 3836), 27: (4088, 4089, 4083, 4084, 4087, 2088, 4086, 4085, 4090, 2090, 2089, 1986), 28: (920, 919, 918, 917, 921, 922, 923, 924, 916, 4699, 3199, 3200, 4698, 925), 29: (1073, 1074, 4760, 4759, 1072, 1071, 1070, 1069, 1068, 1067, 1066, 4758), 30: (3244, 1158, 1157, 1156, 3245, 1159, 1160, 1161, 1162, 3243, 1163, 4581, 4582), 31: (698, 699, 697, 4728, 696, 695, 694, 693, 700, 4803, 4804, 692, 691, 775), 32: (3543, 1293, 3546, 1294, 3545, 1295, 3544, 1296, 1292, 1297, 1298), 33: (1056, 1055, 1057, 1058, 1059, 4745, 4744, 1054, 1053, 1052, 1051), 34: (3922, 3921, 3920, 3923, 3924, 1879, 3919, 1878, 3918, 1940, 3925), 35: (1102, 1103, 1104, 1101, 1100, 1099, 1098, 1097, 4580, 4579, 774), 36: (3867, 3817, 2210, 3821, 3820, 3819, 3818, 3816, 3815, 3814, 2284, 2283, 3813, 664, 663), 37: (3668, 3667, 3669, 3670, 3666, 3665, 3664, 3671, 3672, 3663), 38: (3907, 3908, 3904, 3909, 3906, 3905, 3903, 1684, 3910, 3911, 2254, 2253, 3612), 39: (2060, 4076, 4075, 4074, 4073, 4072, 4071, 4070, 2059, 2058, 4069, 4068), 40: (1307, 1308, 1309, 3366, 3365, 3364, 1310, 1311, 1312, 3363, 1313), 41: (3803, 3802, 3801, 2179, 3805, 3800, 3804, 3799, 3806, 2178, 3798, 3807, 2269), 42: (4327, 4326, 1492, 1491, 1490, 1489, 1488, 4325, 4324, 4323, 1493), 43: (891, 892, 893, 894, 4669, 890, 889, 888, 887, 886, 895), 44: (1402, 4402, 1400, 4401, 4400, 4399, 1401, 1399, 1398, 1397, 1403, 4398), 45: (1427, 1428, 1429, 1430, 1431, 3484, 3487, 3483, 3486, 3485, 1432), 46: (1010, 1009, 1008, 1007, 1011, 1012, 1013, 1006, 1014, 4415, 4414), 47: (1338, 1337, 1342, 3426, 3425, 1339, 1340, 1341, 3427, 3424, 3423), 48: (905, 904, 903, 902, 906, 907, 908, 909, 910, 901), 49: (4342, 1462, 4341, 4340, 1461, 4338, 1463, 4339, 1460, 1459, 1458), 50: (3772, 3771, 3770, 3774, 3769, 3773, 2031, 3775, 3776, 3768, 2029, 3767, 2028, 2030), 51: (3742, 3743, 3739, 3744, 3745, 3741, 3740, 1984, 1969, 3746, 3738, 1970), 52: (3607, 3608, 3609, 3606, 3605, 3604, 3603, 3610, 3611, 648, 2223), 53: (1267, 1268, 1269, 4701, 3291, 4700, 1266, 1265, 1264, 1263, 1262, 4611, 4610, 4609, 4608), 54: (830, 831, 832, 833, 829, 828, 4519, 827, 826, 834, 4520), 55: (4058, 1908, 4059, 4060, 1910, 1909, 4057, 4056, 4055, 4054, 1685, 4053), 56: (1041, 1040, 1039, 1038, 1037, 1042, 1036, 1043, 3170, 3169, 1044, 1045), 57: (3757, 3758, 3759, 1939, 1938, 3756, 3755, 3754, 3753, 3760, 3761), 58: (1672, 4239, 4238, 4236, 4237, 1671, 1670, 1669, 1668, 4235, 4234, 4233), 59: (4163, 4162, 4161, 4160, 4159, 4164, 1806, 4158, 1805, 1804, 1803), 60: (1851, 4030, 4029, 4028, 4026, 4027, 1850, 4025, 1852, 4024, 1849, 4023, 1848), 61: (1357, 4446, 4445, 4444, 1356, 1355, 1354, 4443, 1353, 1352), 62: (1251, 1252, 1253, 4431, 4430, 4429, 1250, 1249, 1248, 1247, 4428), 63: (875, 874, 873, 872, 871, 870, 876, 877, 878, 3154, 879, 880), 64: (3999, 3998, 4000, 2105, 4001, 2104, 2103, 3997, 3996, 3995, 3994, 1775, 3993), 65: (1171, 1172, 1173, 1174, 1175, 3230, 3229, 3305, 3228, 1178, 3306, 1176, 1177), 66: (4220, 4223, 1791, 4224, 4222, 4218, 4221, 1790, 3459, 1789, 1788, 4219, 1787, 3489), 67: (3698, 3699, 3700, 3697, 3696, 3695, 3694, 1999, 3693, 3701, 3702, 1998), 68: (712, 713, 714, 4473, 4474, 711, 710, 709, 708, 707, 706, 4578, 773, 4743, 772), 69: (3939, 3938, 3937, 3936, 3935, 3934, 3933, 3940, 3941, 2195, 2194, 2193, 1985), 70: (3574, 3577, 3578, 3579, 3576, 1683, 3575, 3573, 3580, 3581), 71: (965, 964, 963, 4548, 962, 966, 967, 968, 961, 969, 4549, 4550, 4551), 72: (1955, 4208, 1956, 4210, 4209, 4207, 4206, 4205, 3985, 1954, 4204, 1953, 1776, 4203, 3535, 3534), 73: (4294, 4297, 1477, 1476, 1475, 1474, 4296, 4295, 4293, 4298, 1473), 74: (949, 950, 948, 947, 951, 952, 953, 954, 946, 3094, 955, 3093), 75: (4463, 3533, 1593, 1594, 1595, 1596, 3532, 3531, 1598, 3530, 3529, 3528, 1597), 76: (1507, 1506, 1505, 1504, 4372, 4371, 4370, 4369, 4368, 1503, 1502, 4418), 77: (3350, 1218, 1217, 3351, 1219, 3349, 1220, 1221, 1222, 1223, 1224, 3348), 78: (1522, 1521, 1520, 4388, 4387, 4386, 4385, 4384, 4383, 1519, 1518, 1517), 79: (1653, 1654, 3468, 1655, 3469, 3548, 3549, 3472, 3473, 3471, 3470, 1656, 1562, 1547), 80: (4462, 1433, 1568, 1567, 1566, 1565, 1564, 1552, 4533, 4461, 4537, 4536, 4535, 1563, 4534), 81: (3964, 3965, 3966, 3967, 3963, 740, 739, 738, 741, 3968, 3969, 3970, 1865, 1866), 82: (4013, 4009, 4014, 4015, 4016, 2240, 2239, 4012, 4011, 4010, 4008, 2238, 2150, 1880, 2001), 83: (1686, 1657, 4268, 4269, 1896, 1895, 1894, 4267, 4266, 4265, 4264, 4263, 1893), 84: (1147, 4416, 1146, 1145, 1144, 1143, 1148, 4625, 4624, 1142, 1141, 4623), 85: (4653, 1116, 1117, 1118, 1119, 4655, 1112, 4654, 1115, 1114, 1113, 4475), 86: (3562, 3561, 3560, 1532, 3563, 1533, 1534, 3559, 3564, 3558, 1535, 1536, 1537, 4447), 87: (860, 859, 858, 857, 856, 861, 862, 863, 864, 4729, 4730, 1120), 88: (1207, 1208, 4460, 1206, 1205, 1204, 1203, 4459, 4458, 1202, 4521), 89: (4044, 4045, 4046, 2135, 2134, 2133, 4043, 4038, 2120, 4042, 4041, 4040, 4039), 90: (3848, 3849, 3850, 2149, 3851, 2119, 3847, 3846, 3845, 3844, 2148, 3843, 679), 91: (3622, 3621, 1983, 3620, 3619, 3618, 3623, 3624, 633, 634, 3625, 3626, 3902, 3627), 92: (3653, 3654, 3650, 2043, 3655, 3652, 3648, 3651, 3656, 3649, 2044), 93: (4283, 1701, 1700, 4279, 1699, 1698, 4282, 4281, 4280, 4278, 1697), 94: (4133, 4132, 4131, 4128, 4130, 4129, 4134, 1926, 1925, 1924, 1923), 95: (4193, 4192, 4191, 4190, 4189, 4194, 1761, 1760, 1759, 1758, 3519, 4188), 96: (4566, 4567, 1238, 1237, 1236, 1235, 1234, 1233, 1284, 4685, 1231, 4686, 4684, 1232, 4683), 97: (3979, 3980, 3981, 724, 3978, 725, 723, 651, 726, 3983, 3982, 650, 4262), 98: (1191, 1192, 1193, 4640, 4639, 4638, 1190, 1189, 1188, 1187, 1186), 99: (1383, 1384, 1385, 1386, 1387, 1382, 3411, 3410, 3409, 3408, 1388), 102: (1413, 1412, 3382, 3381, 3380, 1414, 1415, 1416, 3442, 3379, 3378, 3547, 1417), 103: (3728, 3727, 3726, 3725, 3724, 3729, 3730, 3731, 2268, 3723), 104: (3878, 1863, 3879, 3880, 3881, 3877, 1864, 3876, 3875, 3874, 3873), 105: (4148, 4149, 1821, 1820, 4147, 4146, 4143, 4145, 4144, 1819, 1818), 107: (1086, 1085, 1084, 1087, 1088, 4490, 4489, 1083, 1082, 4488, 1089, 1081), 108: (3683, 3684, 3685, 3678, 3682, 3681, 3686, 3680, 3679, 3687, 2164, 2165, 2166), 109: (1623, 1624, 1625, 1626, 3500, 3503, 3502, 3501, 1627, 3499, 3498, 4343), 110: (799, 798, 797, 796, 800, 801, 802, 803, 3304, 804, 795), 111: (1130, 1131, 1132, 1133, 1129, 1128, 1127, 3275, 1134, 3274, 3273, 4670)}, 'chain_break_method': 'majority_vote', 'embedding_parameters': {}, 'chain_strength': 451.37802765886937}
