Config: F2_1000-804.8935367516547s-1_A200
Number of source variables: 109
Number of target variables: 109
Time Elapsed: 287.3176987171173
Best State: [0 0 0 0 0 0 0 0 0 0 1 0 0 1 1 0 0 0 0 1 0 1 0 0 0 0 1 0 0 0 0 0 0 0 0 0 0
 0 0 0 0 0 0 0 0 0 0 0 1 0 1 0 0 0 1 0 0 0 0 0 0 0 0 0 0 0 0 0 0 0 0 0 0 1
 0 1 1 1 1 1 0 0 1 1 1 0 0 1 1 0 0 1 0 1 1 1 1 1 1 0 1 1 1 1 0 0 0 0 0]
1463.0	0.10091743119266056
ChainStr/ChainLen: 804.8935367516547/19
Info: {'qpu_sampling_time': 402400.0, 'qpu_anneal_time_per_sample': 200.0, 'qpu_readout_time_per_sample': 181.86, 'qpu_access_time': 418162.77, 'qpu_access_overhead_time': 4978.23, 'qpu_programming_time': 15762.77, 'qpu_delay_time_per_sample': 20.54, 'total_post_processing_time': 78.0, 'post_processing_overhead_time': 78.0}
Embedding Info: {'embedding': {1: (4687, 4432, 4431, 4430, 4429, 4428, 4427, 1466, 4426, 1463, 4433, 1464, 1465, 1467, 1613), 0: (4757, 4758, 4756, 220, 219, 1630, 4759, 4760, 4761, 4762, 221, 218, 222, 4763, 223, 5250, 4764), 2: (4999, 4998, 4997, 4996, 4995, 5000, 5001, 5002, 5003, 5004, 1900, 1899), 3: (4981, 4985, 4982, 4984, 4983, 4980, 4986, 4987, 4988, 4989, 1856), 4: (655, 654, 4923, 653, 652, 651, 4924, 656, 657, 658, 4925, 650, 649, 4922, 3902, 3901), 5: (5120, 5122, 5116, 5121, 5119, 5117, 5118, 1796, 5123, 5124, 1781, 1780, 912, 4869, 1779), 6: (4655, 4656, 4654, 4657, 1584, 1585, 4653, 4652, 4651, 1583, 1586, 4650, 4447, 4868), 7: (894, 893, 895, 896, 892, 4639, 4414, 4413, 4412, 897, 898, 4411, 5374, 891, 5375), 8: (787, 788, 789, 790, 791, 786, 785, 3977, 3978, 792, 3976, 793, 4683, 545), 9: (490, 489, 488, 487, 491, 492, 493, 486, 424, 485, 3887, 494), 10: (968, 969, 970, 971, 972, 4159, 967, 966, 965, 4158, 5074, 4157, 4156, 973), 11: (1092, 1091, 1090, 1089, 1088, 5105, 5104, 5103, 5102, 5101, 1093, 5165, 1087, 5195, 5196), 12: (1298, 4671, 4385, 1299, 4672, 4673, 1749, 1750, 1751, 4387, 4386, 4384, 4383, 4382, 4381, 4670), 13: (1117, 1122, 4190, 4189, 4187, 4188, 4186, 1118, 1119, 1120, 4850, 1121, 1123, 4849), 14: (4341, 4340, 4339, 1241, 4337, 4338, 4342, 1372, 1237, 1238, 1239, 1240, 4336, 1242, 5136, 1212), 15: (5047, 5044, 5045, 5041, 5046, 5048, 5049, 5043, 5042, 1826, 5040, 176, 1825, 1824, 4629), 16: (4401, 4402, 4400, 4399, 4398, 4397, 1313, 1314, 4396, 1315, 1316, 1317, 1318), 17: (4455, 1388, 4537, 1449, 1450, 1451, 1452, 4461, 4460, 4459, 4458, 4457, 4456, 1387), 18: (882, 881, 880, 879, 883, 5479, 5478, 5477, 878, 5476, 877), 19: (815, 816, 817, 818, 819, 820, 821, 3933, 822, 4039, 4037, 4038, 823, 4036), 20: (5181, 5180, 5179, 5178, 5177, 5176, 5175, 5182, 1556, 1555, 1554, 4688, 1553), 21: (1003, 1002, 996, 5539, 5538, 5537, 5536, 5524, 5209, 1001, 1000, 999, 998, 997, 5535), 22: (4953, 4955, 4960, 4954, 4952, 4956, 4957, 4959, 4958, 4951, 1211), 23: (1017, 1016, 1015, 1014, 1013, 1018, 5389, 5388, 5387, 5386, 1012, 5385), 24: (5108, 1526, 1525, 1527, 5355, 5362, 5361, 5360, 5359, 5358, 5109, 5357, 5356, 4897, 4896, 1524), 25: (281, 282, 283, 280, 279, 278, 277, 5401, 5402, 5403, 276, 275, 5071, 5025), 26: (848, 4024, 845, 846, 847, 849, 850, 851, 852, 4023, 4022, 4021, 853, 854), 27: (4595, 4598, 4597, 4596, 4594, 4593, 4592, 4591, 1419, 1538, 1539, 1540, 4599, 4898, 1541), 28: (1809, 4569, 4568, 4567, 1812, 4566, 4565, 4564, 4563, 4562, 1810, 1811, 4561, 4854, 1598, 1629), 29: (1027, 4279, 4278, 4277, 1028, 1029, 1030, 1031, 1032, 4262, 4261, 1033, 4260, 5090), 30: (460, 459, 4892, 4891, 458, 461, 462, 457, 456, 463, 4893, 4894), 31: (805, 806, 5134, 4863, 4862, 802, 4861, 804, 803, 4864, 4865, 807, 801), 32: (565, 564, 563, 566, 567, 568, 4682, 4681, 562, 561, 569, 560), 33: (1330, 4851, 4852, 4853, 1331, 5166, 1257, 5286, 5285, 5284, 5283, 5282, 5281), 34: (338, 339, 337, 340, 341, 342, 343, 336, 335, 4486, 344, 4051), 35: (1389, 1328, 4626, 4502, 4627, 4506, 4505, 4504, 4628, 4503, 4501, 1764, 1765, 1766), 36: (1287, 5240, 1286, 1285, 1284, 5241, 5239, 5238, 5237, 5236, 1288, 1283), 37: (1601, 1602, 5303, 5302, 5299, 5300, 5301, 5298, 1600, 1599, 5032, 5033, 5297, 5296, 913), 38: (771, 772, 3992, 4128, 778, 3993, 773, 774, 775, 776, 777, 4234, 779, 3991), 39: (4808, 4807, 4806, 4805, 4804, 4803, 1704, 1705, 4802, 4801, 4800, 4809, 1706), 40: (923, 924, 922, 921, 4204, 4203, 4202, 925, 926, 927, 928, 4684, 4201, 929, 4669), 41: (954, 4624, 4625, 955, 956, 957, 953, 4623, 4622, 958, 4621, 952, 4620, 5330), 42: (982, 983, 984, 985, 986, 987, 4324, 4323, 4322, 988, 4321, 5135), 43: (4578, 4492, 1418, 4582, 4581, 4580, 4579, 1718, 4577, 4493, 1719, 4576, 248, 1720, 1721, 5183), 44: (5015, 5016, 5010, 5017, 5018, 5014, 5013, 5012, 5011, 206, 1631, 205, 1632, 207, 5019), 45: (866, 865, 864, 863, 862, 5206, 867, 5208, 5207, 5089, 868, 861, 5205), 46: (4819, 4821, 1225, 4818, 4817, 910, 4816, 4820, 909, 908, 1226, 4815, 1227), 47: (4611, 4612, 4610, 4609, 4608, 4607, 4613, 1614, 1615, 1616, 4606, 1224), 48: (5078, 5076, 5077, 1662, 5149, 5154, 5153, 1256, 5152, 5151, 5150, 5148, 5147, 5146, 5079, 251, 250, 249, 4875), 49: (1138, 5060, 4927, 1136, 1137, 4926, 5059, 5058, 5057, 5056, 1135, 4928, 4929), 50: (1146, 4111, 1147, 1148, 1149, 4115, 4114, 4113, 1150, 4112, 4325, 4110, 5405, 1151, 1152, 1153, 5481, 5480), 51: (4939, 4944, 266, 4940, 4941, 4942, 4943, 4938, 4937, 4936, 265, 4945), 52: (4716, 1254, 4715, 1735, 4714, 4713, 4712, 4711, 4717, 4718, 4719, 1734, 4710, 1855), 53: (385, 386, 387, 388, 389, 384, 383, 382, 381, 380, 4096, 4097, 5326, 5327), 54: (4732, 4731, 4733, 4730, 4729, 4728, 4727, 4726, 1645, 1646, 1647, 4734), 55: (475, 474, 473, 4636, 476, 477, 4637, 472, 471, 470, 478, 479), 56: (714, 713, 712, 715, 711, 4248, 4247, 4246, 710, 716, 717, 718, 719), 57: (4446, 5211, 4445, 4444, 4443, 4442, 1327, 4441, 1403, 1404, 1405, 1406, 1407, 4440, 4417), 58: (1062, 981, 1061, 1060, 1059, 1058, 1057, 5447, 4250, 1063, 5450, 5449, 5448, 5446, 4129, 951, 4009), 59: (624, 625, 626, 627, 623, 622, 5133, 5132, 5131, 628, 621, 620), 60: (5091, 5092, 5093, 1677, 1676, 1302, 5094, 5255, 1303, 1946, 5256, 5254, 5253, 5252, 5251, 5095, 1945, 1944, 4720), 61: (4775, 4776, 1255, 1421, 4777, 1420, 4778, 4774, 4773, 4772, 4771, 1374, 4779), 62: (4668, 579, 582, 4667, 580, 578, 4666, 581, 583, 584, 577, 576, 5582), 63: (1165, 4895, 1166, 1167, 1164, 1163, 1162, 1168, 869, 5496, 704, 5495, 5494, 5493, 5492, 5491, 884), 64: (4700, 4699, 4698, 4697, 4701, 4702, 1509, 1510, 4696, 4703, 1134, 1511, 1512, 1674), 65: (505, 506, 504, 503, 507, 502, 501, 500, 508, 509, 3962, 3963, 4276, 695), 66: (520, 519, 518, 517, 516, 521, 522, 523, 524, 515, 5657, 5656), 67: (595, 596, 597, 598, 594, 5192, 591, 5191, 593, 592, 599, 4053, 4054, 5190), 68: (1523, 4642, 4643, 4644, 4552, 4551, 4550, 4549, 4548, 4547, 1659, 1660, 1661, 4546), 69: (5597, 609, 610, 611, 608, 612, 613, 614, 607, 606, 605, 4007, 4006), 70: (4522, 4521, 4520, 4519, 4523, 1568, 1569, 1570, 1571, 4518, 4517, 4516, 1253, 1268, 1267, 5063), 71: (1495, 4356, 4355, 1496, 4357, 1493, 1494, 4354, 4353, 4352, 1507, 1508, 1497, 4351, 1222), 72: (549, 550, 551, 552, 548, 547, 553, 546, 554, 4052), 73: (1343, 5344, 1344, 1345, 1346, 1347, 1342, 5346, 5345, 5343, 5342, 5341, 5340), 74: (414, 413, 412, 5566, 411, 410, 415, 416, 417, 418, 419, 3916, 3917, 3918, 964, 3919), 75: (534, 533, 4231, 532, 537, 4232, 535, 536, 538, 531, 539, 530), 76: (4790, 4791, 4789, 4792, 1329, 4788, 4787, 4793, 4794, 1300, 1301, 4786), 77: (1078, 5435, 5434, 5433, 1077, 5432, 1076, 1075, 5431, 1074, 1073, 1072), 78: (354, 355, 353, 352, 351, 356, 357, 4081, 359, 4082, 4083, 358, 350, 4084), 79: (4880, 4881, 4879, 4878, 4877, 4876, 4882, 4883, 4884, 1390, 1391, 1392), 80: (697, 4263, 696, 698, 699, 700, 4218, 701, 4264, 4068, 4067, 4066, 702, 703), 81: (4371, 4370, 4369, 4372, 1478, 1479, 1480, 1481, 4368, 1482, 4367, 4366), 82: (1435, 1434, 4867, 1436, 1437, 5272, 5271, 5270, 5269, 5268, 5267, 5266, 4866, 4822, 1433), 83: (445, 444, 446, 4846, 443, 4845, 442, 4847, 4848, 447, 448, 441), 84: (641, 642, 5073, 640, 639, 638, 637, 636, 643, 5508, 5507, 5506, 635, 5072), 85: (4490, 4489, 4491, 4488, 1133, 1132, 1131, 4145, 4144, 4143, 4142, 4141, 1358, 1359, 1360, 1361, 5031), 86: (4310, 1177, 1178, 1179, 1180, 1181, 4640, 4309, 5061, 4308, 4307, 4306, 4305, 5030, 5029, 1182), 87: (4970, 4969, 4967, 4968, 4966, 4965, 4971, 4972, 4975, 4973, 4974, 191, 190), 88: (4475, 4476, 4477, 1690, 4478, 1688, 1689, 4470, 1691, 4474, 4473, 4472, 4471, 1373), 89: (5225, 5224, 5223, 5226, 1272, 1271, 1270, 5222, 5221, 5227, 1269, 5228, 1692), 90: (366, 367, 368, 369, 370, 371, 365, 3931, 3932, 372, 373, 440, 3871, 374), 91: (1108, 5416, 1107, 5419, 1106, 1105, 1104, 5210, 5420, 5418, 1103, 5417), 92: (733, 734, 5568, 732, 731, 5567, 730, 729, 728, 727, 5552, 5551, 726, 4098, 4099), 93: (833, 4534, 834, 835, 4535, 836, 4533, 4532, 837, 832, 4531, 831), 94: (323, 322, 321, 4171, 4172, 4173, 4175, 4174, 324, 325, 326, 327, 328, 329, 1026, 907), 95: (761, 762, 763, 5373, 5372, 5371, 760, 759, 758, 757, 5193, 764, 756, 5370, 5194), 96: (746, 4233, 745, 5312, 744, 743, 742, 747, 748, 5313, 4638, 5311, 749, 741), 97: (685, 684, 5026, 683, 686, 5027, 682, 681, 680, 687, 688, 689, 4008), 98: (295, 296, 5160, 5161, 5162, 297, 294, 5163, 293, 5164, 292, 291, 298), 99: (400, 401, 402, 403, 404, 399, 398, 397, 396, 5596, 4217, 395), 102: (1048, 5465, 5464, 5463, 5462, 1047, 1046, 1045, 1044, 1043, 5461, 1042), 103: (308, 307, 309, 310, 311, 5520, 5087, 312, 306, 305, 5086, 313, 4921, 5088, 314), 104: (668, 669, 3888, 670, 671, 672, 667, 666, 665, 4487, 673, 674, 3947, 3946), 105: (4747, 4750, 4748, 4749, 4746, 4745, 1841, 4744, 1675, 1840, 4743, 4742, 4741), 107: (4905, 4909, 4910, 4911, 4912, 4913, 4914, 4906, 911, 4908, 4907), 108: (4834, 4833, 4832, 4831, 4830, 4835, 4836, 1375, 4837, 4838, 175, 4839), 109: (430, 429, 428, 427, 426, 431, 432, 433, 425, 434), 110: (943, 942, 941, 940, 5316, 939, 5404, 838, 5523, 5315, 5522, 5521, 938, 937), 111: (1192, 4416, 4295, 4294, 4293, 4292, 4291, 1193, 1194, 1195, 1196, 4290, 4415, 1197)}, 'chain_break_method': 'majority_vote', 'embedding_parameters': {}, 'chain_strength': 804.8935367516547}
