Config: F2_1000-435.1198980603775s14_A200
Number of source variables: 109
Number of target variables: 1331
Time Elapsed: 0.06992149353027344
Best State: [0 0 0 0 0 0 0 1 1 0 0 0 0 0 0 0 0 1 0 0 1 0 0 0 0 0 0 0 0 0 0 0 0 0 0 0 0
 0 0 0 0 1 0 0 0 0 0 0 0 0 0 0 0 0 0 0 0 0 0 1 0 0 0 0 0 0 1 1 1 1 0 1 1 1
 1 1 1 1 1 1 1 1 1 1 1 1 1 1 1 1 1 0 0 0 0 0 0 0 0 0 1 1 1 1 1 1 1 1 1]
326.0	0.11009174311926606
ChainStr/ChainLen: 435.1198980603775/16
Info: {'qpu_sampling_time': 363900.0, 'qpu_anneal_time_per_sample': 200.0, 'qpu_readout_time_per_sample': 143.32, 'qpu_access_time': 379824.77, 'qpu_access_overhead_time': 2826.23, 'qpu_programming_time': 15924.77, 'qpu_delay_time_per_sample': 20.58, 'total_post_processing_time': 11.0, 'post_processing_overhead_time': 11.0}
Embedding Info: {'embedding': {1: (944, 5468, 5465, 5466, 5480, 5467, 5469, 5470, 943, 5471, 5472, 5473, 5474), 0: (1885, 1884, 1883, 1882, 1886, 1881, 1880, 3999, 1887, 1888), 2: (4224, 1686, 1687, 1688, 1689, 1690, 1691, 1692, 4225, 1693, 4226, 5514), 3: (5080, 5079, 5078, 5077, 2397, 5081, 1796, 5082, 2398, 5076, 2399, 5075, 5074, 942), 4: (2215, 4871, 4870, 4869, 4868, 2216, 2217, 2218, 4867, 2214, 2219, 4866), 5: (5349, 5348, 5347, 5350, 5351, 5352, 5353, 5346, 5345, 5344), 6: (5378, 5377, 5376, 5375, 5374, 5379, 5380, 5381, 1093, 5382), 7: (4536, 1314, 4537, 2199, 4538, 4539, 1315, 1316, 1317, 1318, 4540, 4541, 1319, 4661), 8: (4331, 2107, 2227, 2228, 2229, 2230, 2231, 2232, 2233, 2182, 4211, 4210, 4797, 4209), 9: (2321, 5037, 5036, 5035, 5034, 5031, 5033, 2322, 2320, 5032, 2323, 4842, 4827, 4857), 10: (2139, 2138, 2137, 2140, 4616, 4615, 4614, 2141, 2142, 2143, 4613, 4612), 11: (4179, 1748, 1749, 1750, 1751, 1752, 1747, 1746, 4254, 1753, 4180, 1754), 12: (5212, 5211, 5210, 5213, 5214, 5209, 1002, 1003, 5215, 5216, 5217), 13: (1869, 1868, 1867, 1866, 4256, 1865, 1870, 1871, 1872, 1873, 4255, 1874), 14: (5124, 1706, 5125, 5123, 5122, 1707, 5126, 5127, 1708, 5121), 15: (1358, 4522, 4523, 1359, 1360, 1361, 1362, 1363, 4524, 4525, 4526), 16: (2094, 2095, 2096, 2093, 2092, 2091, 4421, 4420, 2097, 2098, 4419, 1702), 17: (4626, 1284, 1285, 1286, 4627, 4628, 4629, 4630, 1794, 1287, 1288, 1289, 4631), 18: (4074, 1764, 1763, 4194, 1762, 1761, 1760, 1765, 1766, 1767, 1768, 4195), 19: (1523, 1524, 1525, 1526, 1522, 4312, 4313, 4314, 4315, 1527, 1528, 1521, 4316), 20: (5486, 5487, 2248, 2247, 2246, 5485, 5484, 5483, 5482, 5481), 21: (5092, 5091, 5090, 5093, 5094, 2471, 1016, 1017, 5098, 1018, 5095, 5096, 5097, 1076, 2562), 22: (4976, 4977, 4975, 4974, 4973, 4972, 2351, 2352, 2353, 4971, 2354), 23: (4841, 4840, 4839, 4838, 4837, 4836, 2305, 2306, 2307, 2308), 24: (5319, 5318, 5317, 5316, 5315, 5320, 5314, 972, 5321, 5322, 883, 5323), 25: (4961, 4960, 2368, 4959, 4958, 4956, 4957, 4962, 4963, 2366, 2367, 2369), 26: (5454, 1798, 1797, 5450, 5453, 5452, 5451, 5455, 5456, 5457, 5458), 27: (5228, 5231, 5229, 5230, 5227, 5226, 5225, 1047, 1048, 5232, 5164), 28: (1404, 4597, 1405, 4598, 1406, 1407, 4600, 4599, 1408, 4601, 4602), 29: (1674, 1673, 4448, 4449, 1672, 4450, 1675, 1676, 1677, 1678, 1679, 4451), 30: (4701, 4703, 4702, 4704, 1269, 1270, 1271, 1272, 1273, 4705, 1704, 1274, 4706), 31: (1332, 1299, 1330, 4671, 1329, 1333, 4551, 4552, 4553, 4554, 4555, 1331, 4556, 2243, 2244), 32: (5150, 5153, 5156, 5152, 5151, 5154, 5155, 5157, 1137, 1077, 5158, 1078), 33: (1373, 4582, 4583, 1374, 1372, 4584, 1375, 4587, 1376, 1377, 4585, 4586, 1378), 34: (1855, 1856, 1857, 1858, 1859, 5574, 1854, 1853, 1852, 1851, 1850), 35: (5138, 5139, 5140, 5141, 5137, 5136, 1033, 1166, 5135, 1032, 5142, 5143, 2456, 2455), 36: (4030, 1989, 1988, 1987, 1990, 1991, 1992, 1986, 1985, 1993, 1994, 4029, 1745), 37: (1898, 1899, 1900, 1901, 1902, 1897, 1896, 1895, 1903, 3954, 1904), 38: (1598, 1599, 1600, 4343, 1601, 1602, 1603, 1597, 4344, 1596, 4345, 4208, 4346), 39: (4164, 4163, 4165, 1551, 1552, 1553, 1554, 1555, 1556, 1557, 1558, 1791, 4166, 2136, 4447), 40: (5245, 5239, 5244, 5243, 5242, 5241, 5240, 5246, 5247, 987, 5248, 988, 2457), 41: (1732, 1733, 1734, 1735, 1736, 1731, 1737, 1738, 2015, 1730, 3984, 3985, 4239), 42: (5016, 5017, 5018, 5015, 5019, 5020, 1151, 1152, 5021, 1153, 1136, 4910, 4895), 43: (4686, 1239, 1240, 1241, 1242, 1243, 4687, 4688, 4689, 4690, 4691), 44: (4928, 4927, 4929, 4930, 4931, 1452, 4932, 4926, 1451, 1453, 1454), 45: (1537, 1536, 4148, 4149, 4150, 4151, 1538, 1539, 1540, 1541, 1542, 1543, 4178, 2226), 46: (1647, 4328, 1642, 1643, 1644, 1645, 1646, 1648, 4329, 4330, 1649), 47: (1840, 1841, 1839, 1838, 1837, 1836, 1835, 1842, 1843, 1844), 48: (2124, 2123, 4675, 4674, 2125, 2126, 4673, 4676, 2127, 2128, 4672, 2122, 1449), 49: (1418, 4477, 1419, 1420, 1421, 4479, 1422, 1423, 4478, 4480, 4481, 2273, 4432), 50: (5275, 5276, 5277, 5274, 5273, 5278, 2517, 5272, 5270, 5271, 2518, 5203, 2516, 2515, 4903), 51: (5290, 5291, 5292, 5289, 5288, 5287, 5286, 5285, 5293, 2548), 52: (5200, 5201, 5202, 5199, 5198, 5197, 2382, 2383, 5196, 5195, 2384, 2381), 53: (1568, 1569, 1570, 1571, 1572, 1573, 1567, 4238, 4373, 4374, 4375, 4376), 54: (1959, 1958, 1957, 1960, 1961, 1962, 1963, 1956, 1955, 4000, 3880, 3879, 1964), 55: (5335, 5334, 5333, 5332, 5331, 5330, 5336, 1138, 5337, 5338), 56: (5062, 5063, 5064, 5065, 5066, 5061, 5060, 1061, 1062, 5067, 1063), 57: (4901, 2337, 4900, 4899, 4902, 4898, 2335, 4897, 4896, 2336, 2338), 58: (1929, 1928, 1927, 1930, 1926, 1925, 1931, 1932, 1933, 1934, 4075, 5559), 59: (2080, 2079, 4660, 2081, 2082, 4659, 4658, 2078, 2077, 2076, 2083), 60: (5049, 5048, 5383, 5233, 5047, 5050, 5051, 5052, 5053, 5046, 5045, 2606, 2607, 2608, 2441, 2442), 61: (1656, 1657, 1658, 1659, 1660, 1661, 1662, 4133, 4059, 4060, 1663, 1664, 4061), 62: (1975, 1976, 1977, 1978, 1979, 5530, 1974, 1973, 1972, 4240, 1971, 4241, 1970, 5605), 63: (4641, 4642, 4643, 4644, 4645, 1254, 1255, 1256, 1257, 4646, 1258), 64: (1720, 1721, 1722, 1719, 1718, 1717, 1716, 1723, 5499, 5500, 1715, 5501, 4118), 65: (1479, 1480, 1481, 1482, 1478, 4388, 1483, 4389, 4390, 4391, 1484), 66: (5005, 5006, 2275, 5004, 2276, 2277, 2278, 2274, 5003, 5002, 5001), 67: (2020, 4735, 4734, 4733, 4732, 2021, 2022, 2023, 4736, 2024, 2019), 68: (4460, 4461, 1388, 1389, 1390, 1391, 1392, 1393, 4507, 4508, 4509, 4510, 4511), 69: (2065, 2064, 2063, 5545, 2062, 2061, 2066, 2067, 2068, 5544, 2060, 4105, 5543), 70: (4943, 4942, 4941, 1195, 1196, 1197, 1198, 4944, 4945, 4946, 4947, 1194, 1193), 71: (5107, 5108, 5109, 5110, 5111, 5106, 1122, 1123, 5105, 5112, 1124, 1046, 5113), 72: (5305, 5306, 5309, 5307, 5308, 2563, 5304, 5303, 5302, 5301, 5300, 5299, 897), 73: (1508, 1507, 4433, 4434, 4435, 1509, 1510, 1511, 1512, 1513, 4436, 1506, 4437), 74: (4991, 4990, 4989, 2261, 4988, 2260, 2262, 4987, 2263, 4986, 4985, 4992), 75: (2048, 2047, 2046, 2045, 3970, 2049, 2050, 2051, 2052, 2053, 3969, 3968, 1535, 5516), 76: (4719, 4721, 4720, 2200, 4718, 2201, 4717, 2202, 2203, 4716, 2204), 77: (1914, 1915, 1916, 1917, 1918, 1913, 1912, 1911, 1910, 4134), 78: (1944, 1943, 1942, 1941, 1945, 1946, 1947, 4104, 1948, 1940, 1949), 79: (1493, 1494, 4406, 1495, 1496, 1497, 1498, 1499, 1492, 4403, 4404, 4405), 80: (4284, 1792, 4283, 4282, 4285, 4286, 1582, 1583, 1584, 1585, 1586, 1587, 1588), 81: (1629, 1628, 4358, 4359, 4418, 1630, 1631, 1632, 1633, 4360, 1634, 4357, 4417, 4361), 82: (5260, 5261, 5262, 5259, 5258, 5257, 5256, 5263, 2533, 5255, 5254), 83: (1825, 1826, 1827, 1828, 1829, 5604, 1824, 1823, 1822, 1821, 1820, 3909, 3910, 1894), 84: (1613, 1614, 1615, 1616, 1612, 4268, 4253, 1617, 4269, 4270, 1618, 1619, 5588), 85: (5422, 5423, 5424, 5425, 5421, 5420, 5426, 5427, 5428, 5419, 958), 86: (5410, 2473, 5409, 5408, 5407, 5406, 5405, 5411, 5412, 5413, 5404), 87: (4806, 1300, 1302, 4809, 4807, 4808, 4810, 1301, 1303, 1795, 1304, 4811, 4812), 88: (5575, 2038, 1889, 2039, 5590, 5589, 2037, 2036, 2035, 2034, 2033, 2032, 1919, 2031, 2030), 89: (2170, 4778, 2169, 2171, 2168, 2172, 2173, 2174, 4781, 4780, 2167, 2166, 4779), 90: (1343, 1344, 1345, 1346, 1347, 4567, 4568, 4569, 4570, 4571, 1348, 4572), 91: (4851, 4850, 1225, 1226, 1227, 4856, 4855, 1228, 4852, 4853, 4854), 92: (5169, 5168, 5170, 5171, 5172, 2487, 2488, 2472, 5167, 5166, 5165), 93: (5128, 2426, 2425, 4917, 4916, 4915, 4914, 4912, 4913, 2427, 4911, 2428, 5488), 94: (5362, 5361, 5363, 5360, 5364, 5367, 5366, 5365, 5359, 913, 1167, 5368), 95: (1779, 1780, 1781, 1782, 1778, 1783, 1777, 4299, 4300, 1784, 1776), 96: (1809, 1808, 1807, 1810, 1811, 4089, 1806, 1812, 1813, 1814, 1805, 4090), 97: (2004, 2003, 2005, 2006, 2007, 2002, 2001, 2000, 1879, 2008, 2009, 4015, 3865), 98: (2109, 4766, 4765, 2110, 2108, 4764, 4763, 2111, 2112, 2113), 99: (2293, 4882, 4886, 4887, 2290, 2291, 4885, 2292, 4884, 4883, 4881, 2245), 102: (2185, 2186, 2187, 2188, 4751, 2184, 4750, 4749, 2189, 2183, 4748), 103: (4791, 4792, 4793, 4794, 4795, 4796, 5030, 1179, 1180, 1181, 1182, 1183, 4835, 5000), 104: (1434, 1435, 1436, 4762, 1437, 4496, 1438, 1433, 4492, 4493, 4494, 4495), 105: (5392, 5393, 5394, 5395, 5391, 5390, 5389, 5396, 5397, 1108, 2443, 1109, 5398), 107: (1464, 1463, 4462, 1467, 4463, 4464, 4465, 1465, 1466, 1468, 4466, 1469), 108: (2016, 4076, 2151, 2152, 2153, 2154, 2155, 2156, 2157, 2158, 4120, 4119, 2017), 109: (4823, 4821, 4822, 4824, 4825, 4826, 4820, 1210, 1211, 1212, 1213), 110: (5439, 2501, 5438, 5437, 5436, 5440, 5435, 5434, 1168, 2503, 5441, 5442, 5443, 4978, 2502), 111: (5187, 5181, 2411, 5186, 5185, 5184, 1092, 5183, 5182, 2412, 5180, 2413)}, 'chain_break_method': 'majority_vote', 'embedding_parameters': {}, 'chain_strength': 435.1198980603775}
