Config: F2_1000-405.14446964558664s-1_A200
Number of source variables: 109
Number of target variables: 109
Time Elapsed: 346.10949206352234
Best State: [0 0 0 0 0 0 0 0 0 0 0 0 0 0 0 0 0 0 0 0 1 0 1 0 0 0 1 0 1 0 0 0 0 0 0 1 1
 0 0 0 0 0 0 0 1 0 0 0 0 0 1 0 1 0 0 0 1 0 0 0 0 1 0 0 1 0 0 0 0 0 0 1 0 0
 1 0 1 0 0 0 0 0 0 0 0 1 0 1 0 1 1 1 1 0 1 0 1 0 0 1 0 0 1 1 1 1 0 0 1]
516.0	0.08256880733944955
ChainStr/ChainLen: 405.14446964558664/26
Info: {'qpu_sampling_time': 439200.0, 'qpu_anneal_time_per_sample': 200.0, 'qpu_readout_time_per_sample': 218.66, 'qpu_access_time': 454963.17, 'qpu_access_overhead_time': 4610.83, 'qpu_programming_time': 15763.17, 'qpu_delay_time_per_sample': 20.54, 'total_post_processing_time': 11.0, 'post_processing_overhead_time': 11.0}
Embedding Info: {'embedding': {1: (3887, 3888, 695, 3964, 469, 3889, 845, 468, 467, 466, 3886, 3967, 465, 3965, 3966), 0: (1475, 1476, 1477, 1478, 4357, 4356, 4355, 4354, 1474, 1473, 4353, 4352, 1472, 3893, 3894, 1471, 1470, 847, 4351, 846, 383), 2: (905, 904, 903, 902, 901, 906, 907, 4294, 4295, 908, 909, 3934, 900), 3: (3708, 3707, 3706, 3709, 3710, 769, 3711, 301, 544, 543, 545, 304, 303, 302, 3712, 3713, 3714, 300), 4: (766, 3589, 873, 3588, 768, 767, 765, 3590, 3594, 3591, 874, 1624, 3587, 3592, 3593, 3586, 1623, 875), 5: (1714, 4087, 1520, 1416, 1417, 1712, 1418, 4088, 3932, 1715, 1713, 4072, 4071, 4070, 4069, 1711, 1710, 815, 3933, 770), 6: (890, 891, 892, 893, 889, 888, 4219, 887, 886, 885, 894, 3769, 4624, 4625, 1059, 3004, 3005, 1080), 7: (4417, 1356, 1463, 1464, 1357, 1355, 1354, 1353, 1352, 1351, 1350, 1342, 4702, 4701, 4700, 4699, 4698, 789, 1343, 714), 8: (3816, 1395, 3815, 3814, 3817, 3813, 1398, 3812, 3818, 3811, 1399, 1397, 1396, 3819), 9: (3863, 3862, 3861, 3860, 3859, 1609, 1594, 1593, 1592, 1591, 3858, 3857, 1590, 3864, 3856), 10: (1518, 3786, 3787, 1519, 1517, 1516, 3785, 3784, 3783, 3782, 1279, 3788, 3781, 1515, 3789), 11: (3847, 1384, 1383, 1382, 1381, 3848, 1380, 3846, 3845, 3844, 3843, 3842, 3841, 1130), 12: (620, 619, 698, 618, 4430, 617, 616, 615, 4432, 621, 622, 4428, 4429, 4431, 4097), 13: (3664, 3663, 739, 738, 737, 736, 3662, 3661, 3668, 3665, 740, 3666, 3667, 735, 3669), 14: (3514, 3513, 3515, 3517, 632, 631, 3512, 3511, 797, 3516, 3519, 3518, 630, 798, 799), 15: (4276, 487, 486, 485, 484, 483, 482, 4291, 4292, 4536, 4293, 817, 488, 4532, 4533, 4537, 4534, 4535, 481, 480), 16: (980, 981, 982, 983, 979, 978, 977, 976, 975, 984, 4684), 17: (3606, 3605, 3604, 3607, 3603, 3608, 3602, 3601, 3609, 1443, 1442, 1441, 1278, 1848, 1847, 1440, 1846, 1845, 423, 1849), 18: (3652, 3908, 3653, 1608, 3651, 3650, 3649, 3648, 1607, 3647, 1606, 3654, 1605, 3646, 3398, 3399, 1862, 1863, 1864, 3909), 19: (1175, 1174, 1173, 1172, 1176, 1177, 1178, 1179, 1171, 1170, 4596, 4595, 4597), 20: (3634, 3633, 3635, 813, 814, 3638, 3636, 3637, 3632, 3631, 724, 723, 722, 721, 3639, 720), 21: (3560, 3559, 3558, 3561, 3557, 1187, 1186, 1185, 3066, 3067, 1113, 3562, 3556, 1068, 1069, 3563, 1070), 22: (1372, 4310, 1371, 1370, 1369, 3771, 1368, 1367, 1366, 1365, 4311, 1373, 4309, 4308, 4147, 4552, 4307, 4306, 4305, 307, 306, 305, 427), 23: (1024, 1023, 1022, 1021, 3409, 1025, 1026, 1027, 1028, 1029, 1020), 24: (3214, 3215, 3216, 3217, 3218, 3213, 3212, 3211, 3210, 3219, 1276, 1275), 25: (3081, 3082, 3294, 3083, 3084, 3080, 3079, 3078, 3077, 1771, 3076, 3075, 1770, 3293, 1110), 26: (3922, 3921, 3920, 3919, 1490, 1489, 1488, 3918, 3917, 3916, 1487, 1486, 1549, 3292, 3923, 3412, 1485), 27: (3199, 3200, 3201, 3202, 3203, 3198, 3197, 3196, 3195, 3204), 28: (935, 934, 933, 932, 931, 3890, 936, 937, 938, 939, 930), 29: (666, 667, 4398, 4399, 665, 664, 663, 4402, 4400, 662, 661, 660, 4401, 668), 30: (4117, 4118, 4119, 1821, 1820, 1819, 4462, 1818, 4042, 1817, 1816, 1521, 1522, 4461, 4460, 4459, 1461, 1460, 4458, 1815, 802, 848, 3069, 3068), 31: (3962, 571, 575, 470, 4236, 3963, 4235, 785, 786, 4234, 471, 472, 4456, 574, 573, 572, 570, 4237, 1462), 32: (352, 351, 350, 349, 348, 347, 353, 4471, 4472, 4473, 4474, 4475, 346, 345, 4476, 4477), 33: (994, 995, 996, 997, 998, 993, 992, 991, 990, 999, 4025), 34: (3319, 3318, 3317, 3320, 3316, 227, 3322, 226, 3321, 3323, 3324, 3390, 3325), 35: (1336, 3500, 3501, 3502, 3503, 1337, 1335, 3504, 3499, 3498, 3497, 3496), 36: (950, 951, 952, 953, 949, 948, 947, 946, 945, 954), 37: (3364, 3365, 3366, 3369, 3363, 601, 3362, 3361, 3367, 3368, 600, 3360), 38: (4006, 4007, 4008, 4009, 275, 3735, 274, 273, 272, 4336, 271, 1295, 4010, 270, 4012, 4011, 425, 276, 277, 4337, 424, 1296), 39: (1745, 3938, 1744, 1743, 3952, 3953, 3951, 3950, 3949, 1742, 1741, 3948, 3947, 1740, 3946), 40: (965, 966, 964, 3904, 963, 962, 961, 3903, 967, 968, 960, 969), 41: (3455, 3456, 3454, 3457, 3453, 3452, 3451, 3450, 3458, 677, 676, 675, 872, 3459, 1547, 1548), 42: (3441, 1249, 1248, 1247, 1246, 1245, 1250, 1251, 1252, 4221, 4220, 1087, 1088, 1089), 43: (1235, 1234, 1233, 1232, 4041, 4040, 1131, 4039, 3906, 3907, 1231, 4037, 4038, 1230, 4036), 44: (4085, 920, 919, 918, 917, 916, 915, 921, 922, 4084, 923, 924, 4086, 4024), 45: (3050, 3045, 3049, 3048, 3047, 3051, 795, 3052, 3053, 796, 1635, 3046), 46: (4321, 726, 4611, 4023, 4022, 411, 410, 409, 408, 407, 727, 4323, 787, 788, 4609, 4610, 406, 405, 725, 412, 413), 47: (3485, 3484, 3483, 3480, 3482, 3486, 842, 3481, 3487, 3488, 841, 840, 3489), 48: (4162, 1386, 4222, 1387, 1388, 1389, 4656, 4655, 4654, 4163, 1758, 1656, 4044, 1760, 1759, 1757, 1756, 1755, 1385, 1254, 1253), 49: (3546, 3545, 3544, 3543, 3547, 1532, 1531, 1530, 3542, 3548, 3549, 3541, 3540, 1128), 50: (457, 456, 455, 454, 453, 458, 4577, 4578, 4579, 4445, 4580, 452, 451, 450, 4581, 1058, 4582, 4157), 51: (3038, 3037, 3036, 3031, 3035, 3033, 3039, 1890, 3032, 1891, 3034, 1680, 3030, 1892, 3414, 3413, 1622), 52: (1140, 1144, 1145, 1143, 1142, 1141, 1146, 1147, 3065, 1149, 1148, 4325, 4324), 53: (3172, 3166, 3170, 3169, 3168, 3167, 3171, 392, 3173, 3174, 1066, 1067, 391, 393, 394), 54: (859, 783, 858, 3723, 782, 781, 860, 3994, 3995, 780, 3722, 3721, 3996, 3997), 55: (1455, 3336, 3337, 3338, 1546, 3335, 3339, 3334, 3333, 3332, 1457, 1456, 1772, 1773, 1774, 3331, 3330), 56: (3727, 1444, 1445, 1533, 3577, 3576, 3575, 3574, 3728, 1728, 1727, 1726, 3573, 1725, 3572, 1446, 1447, 1448, 4522, 1449, 4612), 57: (1326, 1325, 4281, 1324, 1323, 1322, 1327, 1321, 1320, 4191, 4326, 1192, 1193, 4640, 4639, 1328), 58: (1506, 1505, 1504, 1503, 1502, 1501, 1507, 4372, 4371, 1500, 4370, 4369, 4058, 4368, 4192, 4238, 1057, 1056, 1055, 1268), 59: (1204, 1203, 1202, 1209, 3725, 1205, 1206, 1207, 1208, 1201, 3724, 1200, 3726), 60: (4101, 4102, 1535, 3968, 4671, 1404, 1655, 1654, 1653, 1340, 1401, 4670, 1402, 1403, 4669, 1652, 1651, 1134, 1133, 1491, 1236, 1534, 879, 4668, 1339, 1650), 61: (3828, 3827, 784, 3829, 3830, 3831, 3832, 694, 693, 692, 691, 690, 3833, 3826, 3834, 1579), 62: (3752, 3751, 3750, 154, 153, 152, 679, 151, 150, 678, 3756, 3753, 3754, 3755, 3757, 3758, 3759, 1459, 1458), 63: (3275, 3274, 3273, 3279, 3272, 3276, 3277, 3271, 3278, 1277, 871, 3270, 870), 64: (1159, 1158, 1157, 1156, 1160, 1161, 3439, 3770, 1162, 1163, 3440, 1155, 1164), 65: (4338, 592, 4218, 742, 4339, 4340, 743, 591, 590, 589, 588, 587, 586, 585, 4187, 4341, 744, 4342), 66: (3699, 3693, 3694, 3695, 3696, 3697, 3698, 3054, 3692, 3691, 1786, 1789, 1788, 1787, 1785, 1188), 67: (397, 4171, 4262, 336, 335, 334, 4232, 4233, 4261, 398, 4516, 4517, 4518, 4519, 697, 4520, 4521, 333, 332, 331, 330, 3931), 68: (1413, 3531, 3532, 1412, 1411, 1410, 3530, 3526, 3533, 3529, 3528, 3527, 3534, 812, 1414, 1415), 69: (3189, 3184, 3183, 3185, 3182, 3181, 3180, 3186, 3187, 3188), 70: (1219, 1220, 1221, 1222, 1218, 1217, 1216, 1215, 1223, 4026, 1224, 3395, 3394), 71: (650, 649, 648, 647, 646, 651, 652, 4413, 4414, 4415, 4416, 653, 645), 72: (3243, 3245, 3244, 3242, 3246, 3247, 3248, 3241, 3240, 3249, 1126, 1125), 73: (681, 559, 680, 3902, 560, 683, 558, 557, 556, 555, 3407, 682, 4548, 4549, 3408, 4550, 4551, 3901), 74: (441, 440, 439, 4132, 438, 437, 436, 435, 4126, 4127, 4128, 4129, 532, 4130, 4131, 4247), 75: (1431, 1432, 4387, 4386, 4385, 1072, 1433, 1430, 1429, 1428, 1427, 1426, 1425, 4384, 4383, 4382), 76: (4158, 1310, 1309, 1308, 1307, 1306, 3892, 1311, 4161, 4160, 741, 4159, 1312, 1313, 1305, 4068, 4067), 77: (3978, 3977, 530, 529, 3979, 3980, 528, 527, 526, 531, 3981, 3982, 525, 3976), 78: (1294, 3622, 1293, 3623, 3621, 3620, 3619, 3624, 1833, 315, 1832, 1831, 3618, 3617, 3616, 3145, 3310, 3490, 3505, 3340, 318, 317, 316), 79: (1010, 1011, 1009, 1008, 1007, 1006, 4444, 1005, 1012, 1013, 1014), 80: (1100, 1101, 1102, 4190, 1099, 1098, 1097, 1096, 1103, 1104, 1095, 4189, 4188), 81: (3380, 1876, 3382, 3383, 3381, 1667, 3379, 3378, 3377, 3376, 1666, 1681, 3384, 3375, 1665), 82: (3110, 3111, 3112, 3113, 3114, 3109, 3107, 3108, 3106, 1545, 3105), 83: (4280, 830, 4083, 829, 828, 827, 826, 825, 4279, 831, 832, 833, 834, 4278, 4594, 4653), 84: (604, 605, 606, 4112, 4248, 4249, 4250, 4251, 3767, 3766, 801, 603, 602, 843, 3437, 497, 496, 4252, 495, 3768, 844, 4111), 85: (3140, 1065, 3139, 3138, 3137, 3141, 3142, 3143, 3144, 3136, 420, 3135), 86: (3155, 3158, 3154, 1081, 3153, 3152, 3156, 3151, 3157, 3159, 3160, 3150), 87: (3741, 3742, 3743, 3744, 3740, 3739, 3738, 1695, 3737, 3736, 1683, 1698, 1697, 1696), 88: (3260, 3259, 3261, 3262, 3258, 3257, 3263, 3256, 3255, 3264, 1621, 1620), 89: (3681, 3680, 3682, 3683, 3684, 3676, 1578, 1577, 1576, 3679, 3678, 3677, 1575), 90: (3306, 3305, 3304, 3303, 3302, 3307, 3308, 3309, 1802, 1801, 1803, 1804, 3301, 1800, 286, 1127, 287, 288), 91: (3350, 3349, 3348, 3347, 3346, 811, 3351, 3355, 3352, 3353, 810, 3345, 3354), 92: (3229, 3228, 3227, 3226, 3230, 3225, 3231, 3233, 3232, 541, 3234, 540), 93: (4145, 515, 516, 517, 518, 514, 862, 4143, 513, 512, 4366, 511, 4142, 4457, 4144, 4082, 510, 4146, 861, 4367, 1341), 94: (3097, 3094, 3095, 3096, 3093, 3092, 3091, 3098, 3099, 3090, 1111), 95: (771, 773, 3993, 635, 634, 633, 3992, 3991, 4567, 772, 4638, 381, 380, 379, 378, 774, 377, 376, 375, 4564, 4565, 4566, 382), 96: (710, 709, 708, 707, 706, 711, 712, 713, 4113, 4114, 4115, 705, 4116), 97: (3125, 3124, 3123, 3122, 3121, 3120, 3126, 3127, 3130, 3128, 3129, 211), 98: (4296, 1282, 1281, 1283, 4506, 4505, 4297, 1567, 1566, 1565, 1564, 1563, 1562, 1561, 1560, 1284, 4504, 3983, 4503, 3984, 1280), 99: (1054, 3800, 3799, 3798, 3797, 3802, 3801, 1129, 3803, 3804, 1053, 1052, 1051, 1050, 3796), 102: (367, 366, 365, 364, 363, 368, 4486, 4487, 4491, 4488, 4489, 360, 4490, 362, 361, 728, 4492), 103: (3871, 289, 259, 258, 257, 256, 3876, 3405, 3872, 3645, 3873, 3874, 3875, 3878, 1400, 3877, 255, 3615, 3600, 3879, 1684, 1805, 1189), 104: (1266, 4056, 4055, 1265, 1264, 1263, 1262, 4054, 4053, 4057, 4052, 4051, 1261, 1260, 2931, 2932, 3891), 105: (755, 4266, 754, 753, 752, 751, 756, 757, 4263, 4264, 758, 759, 4265, 750, 4098), 107: (4099, 1040, 1039, 1038, 4100, 1037, 1036, 1035, 1041, 1042, 1043, 1044, 1190, 1191), 108: (3469, 3470, 3471, 3468, 3467, 3466, 3465, 3472, 857, 856, 3473, 3474, 855), 109: (4441, 4177, 503, 198, 502, 501, 500, 499, 195, 498, 4442, 637, 636, 3571, 3570, 197, 196, 213, 4173, 4175, 4174, 4176, 4443), 110: (3425, 1082, 3424, 1083, 3423, 3421, 1084, 3422, 422, 421, 3428, 3426, 3427, 3420, 1292, 1291, 3429, 1290), 111: (1117, 1118, 4206, 4207, 4208, 1116, 1115, 1119, 1642, 1641, 1640, 1639, 1638, 4205, 1637, 3442, 1636, 4204, 4203, 577, 4172, 3443, 1114)}, 'chain_break_method': 'majority_vote', 'embedding_parameters': {}, 'chain_strength': 405.14446964558664}
