Config: F2_1000-486.22357242869367s14_A200
Number of source variables: 109
Number of target variables: 1507
Time Elapsed: 241.98108530044556
Best State: [1 0 0 0 0 1 0 0 1 0 1 0 0 0 0 0 0 0 0 0 0 0 0 0 1 1 0 0 0 0 0 0 0 0 0 0 0
 0 0 1 0 0 0 0 0 0 0 0 1 0 0 0 0 0 0 0 1 0 0 0 0 0 0 0 1 1 1 1 1 1 0 1 1 1
 1 1 1 1 0 1 0 0 0 0 1 0 0 0 0 0 0 0 0 0 0 0 1 1 0 1 1 1 1 1 0 0 0 1 1]
824.0	0.06422018348623854
ChainStr/ChainLen: 486.22357242869367/21
Info: {'qpu_sampling_time': 363200.0, 'qpu_anneal_time_per_sample': 200.0, 'qpu_readout_time_per_sample': 142.62, 'qpu_access_time': 379128.37, 'qpu_access_overhead_time': 2459.63, 'qpu_programming_time': 15928.37, 'qpu_delay_time_per_sample': 20.58, 'total_post_processing_time': 11.0, 'post_processing_overhead_time': 11.0}
Embedding Info: {'embedding': {1: (1426, 3247, 3248, 1427, 3250, 1428, 1429, 1430, 3172, 1431, 1425, 3249, 3246, 3245, 3251, 3772, 1432), 0: (1609, 3773, 3774, 3775, 1608, 1607, 3698, 1610, 1606, 3697, 3696, 3695), 2: (1912, 1911, 1910, 1163, 1909, 1908, 1907, 1906, 1913, 1914, 4659, 4658, 4657, 1464, 4612, 4611, 1162), 3: (1626, 1625, 1624, 1623, 1622, 1621, 1627, 1628, 4464, 4463, 4465, 4462, 4461), 4: (1775, 1774, 1773, 1772, 1776, 1771, 1777, 1778, 3414, 1779, 1770), 5: (1713, 3743, 3742, 3741, 3740, 3739, 1714, 1715, 1006, 1008, 1007, 3699, 1716, 1717, 1718, 1719), 6: (3441, 3442, 3446, 3443, 3444, 3440, 3445, 3439, 3438, 3447, 3437, 617), 7: (3954, 3955, 3956, 2180, 2179, 2178, 2177, 2030, 2031, 3953, 3952, 3951, 3950), 8: (873, 3547, 3548, 3549, 3546, 3545, 1128, 3544, 1127, 3550, 3551, 3543), 9: (1972, 1973, 1971, 1970, 1969, 1968, 1974, 1967, 4765, 4764, 1966, 1965, 1944, 4600, 4763, 1645, 4525), 10: (3397, 3396, 3398, 3399, 3400, 3401, 3395, 3394, 3393, 2267, 917, 3402), 11: (3277, 3278, 3276, 1171, 1172, 3281, 3279, 3280, 3275, 3274, 3273, 631, 632, 633), 12: (3729, 3730, 3731, 2268, 2269, 2013, 3728, 3727, 2014, 2012, 3726, 3725, 2270, 3724), 13: (3851, 3850, 3849, 2074, 2073, 2072, 2071, 2075, 3848, 3847, 3846, 3845, 2076), 14: (1786, 1790, 1789, 1788, 1787, 1791, 1792, 1793, 3744, 1794, 1785), 15: (3920, 3919, 979, 978, 977, 976, 3921, 3922, 3923, 3924, 3925), 16: (1101, 4130, 4131, 4132, 1100, 1099, 1098, 1097, 4133, 4134, 4135, 1096), 17: (1312, 3216, 1311, 1310, 1309, 1308, 4418, 1307, 1306, 1313, 4222, 4417, 4419, 4420), 18: (3293, 3292, 648, 3291, 3295, 3290, 1021, 3289, 3294, 3288, 646, 647, 3296, 3297), 19: (3820, 3821, 2224, 3817, 2223, 874, 2222, 3819, 3818, 3816, 3815, 2221, 3814, 3844, 875), 20: (1234, 1233, 1232, 1231, 3201, 3202, 3203, 1235, 1236, 1515, 4206, 1161, 3143, 3144, 3145, 3146), 21: (3835, 3834, 3833, 3832, 2210, 3831, 3836, 2239, 2238, 2237, 664, 3830, 2236, 3926, 3829, 3828, 663, 1024), 22: (1654, 1655, 1656, 1657, 1658, 4404, 1659, 4614, 4615, 1653, 1652, 1651, 4403), 23: (3306, 3307, 3308, 3309, 3310, 3311, 3305, 3304, 811, 812, 3312, 3303), 24: (1296, 1295, 1294, 1293, 1297, 4207, 4208, 1292, 1298, 1291, 4209, 4210, 3411), 25: (1477, 1478, 4522, 1476, 1475, 1474, 1473, 1472, 1433, 4523, 4524, 1434, 1471), 26: (3909, 3904, 3903, 814, 3905, 994, 3906, 3907, 3908, 3910, 695, 694, 693, 692, 691, 3678, 3911, 813), 27: (1446, 1445, 1444, 1447, 4342, 4343, 4344, 4345, 1443, 1442, 3787, 4237, 1441), 28: (1399, 1400, 1401, 1402, 1398, 1397, 1396, 1403, 1404, 3186, 3187, 3188, 3189, 3190, 4656, 3191), 29: (1954, 1955, 1956, 1957, 1958, 1959, 1953, 1952, 4540, 4539, 1951, 1950, 4538, 4537), 30: (3456, 3457, 3458, 3459, 3460, 3461, 3455, 3454, 3453, 827, 3462, 826), 31: (1086, 4115, 4116, 4117, 4118, 4119, 4120, 1085, 1084, 1083, 1082, 1081), 32: (1327, 4583, 1326, 1325, 1324, 1323, 1322, 1321, 1328, 4567, 4582, 4584, 1320, 4585, 3142), 33: (4055, 4056, 4057, 4058, 965, 964, 963, 962, 961, 4059, 4060, 4061, 4062), 34: (1491, 1492, 1490, 1489, 1488, 4297, 4299, 4298, 4300, 1493, 1487, 1486, 4296), 35: (1670, 1669, 1668, 1667, 1671, 1672, 1673, 4434, 1674, 3788, 1666, 4435), 36: (3755, 3756, 3757, 3758, 3759, 3760, 3754, 3753, 2104, 739, 738, 3761, 737, 1129), 37: (3352, 3353, 3354, 3355, 3356, 3357, 3351, 3350, 3349, 2312, 3348, 2313), 38: (3471, 3470, 3469, 3468, 707, 706, 3472, 3473, 3474, 3475, 3476), 39: (4507, 1448, 1449, 2055, 4642, 4643, 4644, 4645, 2063, 2062, 2061, 2060, 4506, 2059, 2058, 2057, 2056, 3745), 40: (1551, 1550, 1549, 1548, 1547, 1552, 1553, 1554, 4688, 4689, 1546, 1545, 4690), 41: (1356, 1355, 1354, 1353, 1352, 4252, 1357, 4253, 4254, 4255, 1351, 1358, 1350), 42: (3427, 3426, 3425, 3428, 3429, 3430, 3424, 3431, 3423, 2102, 3432), 43: (1805, 1804, 1803, 1802, 1806, 1807, 1808, 1809, 1801, 4674, 1810, 4675, 3099), 44: (3875, 3876, 3877, 3878, 1174, 1173, 3879, 3880, 3881, 3874, 755, 754, 753, 752, 3882), 45: (3861, 3860, 3862, 3863, 3864, 3865, 3859, 3867, 770, 3408, 769, 768, 767, 3866, 3813, 2149, 3409, 3410), 46: (1896, 1897, 1898, 1891, 4629, 1895, 1894, 1893, 1892, 4628, 4627, 4630, 1890), 47: (1176, 1191, 1190, 1189, 4191, 4192, 4193, 1188, 1187, 4194, 4195, 1186), 48: (3804, 3784, 3805, 3806, 2209, 2208, 1819, 1820, 3803, 1821, 3802, 2207, 3801, 3786, 3785, 919, 2206), 49: (3160, 1413, 1414, 1415, 1416, 1417, 3157, 1412, 1411, 3158, 3159, 1418, 3161, 1419, 4402), 50: (1281, 1282, 1280, 4313, 4311, 4312, 1279, 1278, 4314, 4315, 4326, 1277, 1276, 3111, 3112), 51: (1730, 1731, 1732, 1733, 1734, 1729, 4598, 1728, 1727, 1726, 1725, 4599, 4597, 1373), 52: (3651, 3648, 3650, 3655, 3649, 888, 887, 3652, 3653, 3654, 3656, 798, 886), 53: (3637, 2026, 3638, 3639, 3640, 3636, 3635, 3634, 934, 935, 2029, 2028, 2027, 3641), 54: (1865, 1864, 1863, 1862, 1861, 1866, 1867, 1860, 1868, 1869, 4509), 55: (1206, 4176, 4177, 4178, 1207, 4179, 4180, 1205, 1204, 1203, 1202, 1201), 56: (3576, 3575, 3574, 3577, 948, 947, 3578, 3579, 1068, 3573, 3580, 3581), 57: (845, 4010, 1025, 4011, 4012, 4014, 4009, 844, 843, 842, 4013, 4015, 841, 4016, 4017, 2285, 2284, 1116), 58: (2296, 3236, 3235, 2297, 2298, 3234, 3233, 3232, 3231, 3230, 3229, 4271, 2299, 3228, 2300, 2301, 2302), 59: (4046, 2181, 2135, 4045, 2134, 2133, 2132, 2131, 4044, 4043, 1069, 4042, 4041, 1070, 1131, 4145, 1071), 60: (3684, 3683, 3372, 3685, 3686, 3687, 2328, 3679, 2327, 3682, 3681, 3680, 2326, 3282, 1114, 3477, 828, 3770), 61: (1520, 1519, 1518, 1521, 1522, 4388, 4389, 4390, 1517, 1516, 1523, 4327), 62: (1052, 3593, 3591, 3588, 3590, 1053, 3592, 3594, 3595, 3589, 1051, 3596), 63: (1506, 1505, 1504, 1503, 1502, 1501, 4446, 1507, 4433, 1500, 4447, 4448, 4449, 4450, 3097, 3096, 1230), 64: (1457, 1456, 3220, 3217, 3218, 1458, 1459, 1460, 1461, 3219, 1462, 1463), 65: (784, 3889, 781, 3890, 3891, 3892, 3893, 3894, 3895, 3896, 783, 782, 3897), 66: (3337, 3338, 3339, 3340, 3336, 3335, 3334, 796, 1937, 3333, 3341, 3342), 67: (2001, 2000, 1999, 1998, 4030, 4029, 2002, 4028, 4027, 4026, 1997, 2003, 3415, 3416), 68: (1343, 4626, 1342, 1341, 1340, 1339, 1338, 1337, 4476, 4477, 4478, 4479, 1943, 1336, 1335), 69: (4491, 4386, 4385, 3949, 1042, 1041, 1040, 1039, 1038, 4494, 1037, 4492, 1036, 1268, 4493, 1192, 4495, 4236, 3934, 1222, 3800), 70: (3670, 3669, 3668, 3667, 3666, 3671, 3665, 3664, 2148, 2147, 3672, 2103, 3663, 2146), 71: (3713, 3710, 3714, 3715, 949, 3716, 3712, 3711, 993, 3709, 992, 991), 72: (3963, 3708, 3964, 3965, 725, 724, 723, 3966, 3967, 3968, 3969, 3970, 722, 1115, 3971, 3972), 73: (1638, 1639, 1640, 1641, 1642, 1637, 1636, 3113, 3114, 1643, 1644), 74: (2195, 2196, 3935, 3941, 3940, 3939, 3938, 3937, 2194, 2193, 2192, 3936, 3702, 2150, 3701, 2191, 1055), 75: (3367, 3364, 3366, 3365, 3368, 3369, 3370, 872, 3363, 3153, 3371, 871, 3154, 571, 572, 573), 76: (1817, 3518, 3519, 1818, 3516, 3517, 3515, 3514, 3520, 3521, 3522, 3513), 77: (3621, 3622, 902, 3620, 3619, 903, 3623, 3624, 3625, 3626, 3618, 904, 3627), 78: (2045, 2046, 2047, 2044, 2043, 2042, 4000, 3999, 3998, 3997, 3996, 2041, 3995), 79: (4165, 1941, 4160, 4164, 4163, 4162, 4166, 2166, 2165, 3776, 2164, 2163, 2162, 2016, 4161, 1056, 1940, 3746, 4070, 1371), 80: (1565, 1566, 1567, 1564, 1563, 1568, 1569, 4373, 4374, 1562, 1561), 81: (4330, 1535, 1536, 1537, 4328, 4329, 1534, 1533, 1532, 1531, 1530, 1538), 82: (1386, 1385, 1384, 1383, 1387, 1388, 1382, 4357, 4358, 1381, 4359, 4360), 83: (1759, 1758, 1757, 1756, 3790, 1760, 1761, 1762, 3789, 1763, 1764, 1755), 84: (3322, 3321, 3320, 3319, 3323, 3318, 3324, 3325, 3326, 3327, 932), 85: (1744, 1780, 1745, 1746, 1747, 1748, 1749, 1743, 1742, 1750, 4884, 1741, 4673, 1795, 4672), 86: (4100, 4101, 4103, 1156, 4102, 4104, 1160, 1159, 1158, 1157, 4105), 87: (3533, 3532, 3534, 3535, 3536, 3537, 3531, 3530, 3529, 797, 3528, 588, 587), 88: (3484, 3487, 3488, 3489, 3483, 3486, 1067, 3485, 1066, 3490, 3491, 3492, 933), 89: (3502, 3503, 3500, 3504, 3498, 3501, 3499, 3505, 3506, 3507, 1712, 1711), 90: (1987, 1988, 1989, 1986, 1985, 1984, 1983, 1982, 1981, 4480, 4705, 4704, 4375, 4702, 4703, 1389, 1942), 91: (1683, 1682, 1681, 1680, 3128, 3129, 1684, 1685, 3130, 1686, 1687, 1688, 4239, 4240), 92: (4568, 1926, 1925, 1924, 1923, 1927, 1928, 4570, 4569, 1922, 1921, 1929, 1479, 4687, 1920), 93: (1850, 1849, 1848, 1847, 1846, 1851, 1852, 1853, 1845, 3039, 3174, 3038, 3700, 1710, 1854, 3173), 94: (1595, 1594, 1593, 1592, 1596, 4073, 1597, 4074, 4072, 4075, 1591, 1598, 1599, 4076), 95: (4085, 4088, 1145, 1144, 1143, 1142, 4086, 4087, 1175, 1141, 4089, 4090), 96: (1366, 3263, 3262, 1368, 3264, 1367, 1369, 3261, 3260, 3265, 1370, 3266, 3267, 3771), 97: (3382, 3381, 3380, 3383, 3379, 3384, 3385, 3386, 2266, 1022, 3378, 1023), 98: (1581, 1580, 4554, 1579, 1578, 1577, 1582, 4238, 1583, 4553, 4552, 1576, 4555, 1575, 4551), 99: (1880, 1879, 1878, 1877, 1876, 1881, 1882, 1883, 1884, 4719, 1875, 4718), 102: (2252, 3564, 3565, 2087, 3566, 2251, 3563, 3562, 3561, 3560, 2088, 2089, 2090, 3559, 1938), 103: (1221, 4148, 4146, 4147, 1220, 1219, 1218, 1217, 4149, 4150, 1216, 4151), 104: (4266, 4267, 1265, 4268, 1267, 1266, 4269, 1264, 1263, 4270, 1262), 105: (1251, 4283, 1252, 4281, 4282, 4284, 1250, 1249, 1248, 1612, 1247, 4285, 1246, 4071, 3171), 107: (2120, 2119, 2118, 2117, 2121, 4226, 4225, 4224, 2116, 2017, 4223, 1822, 2115, 1823, 1824), 108: (3980, 3981, 3982, 3983, 995, 3979, 858, 860, 859, 857, 3986, 3984, 856, 3985, 1130, 3558, 3723), 109: (1700, 1699, 1698, 1701, 1697, 1702, 1703, 1704, 1696, 4749, 1695, 4750), 110: (1836, 1837, 1838, 1839, 1840, 1835, 1834, 1833, 1832, 1831, 4405, 4809, 4807, 4808), 111: (3607, 3606, 3605, 3612, 1113, 1112, 3608, 3609, 3610, 3604, 3611, 3603)}, 'chain_break_method': 'majority_vote', 'embedding_parameters': {}, 'chain_strength': 486.22357242869367}
