Config: F_1000-16739.823149771477s-1_A200
Number of source variables: 64
Number of target variables: 236
Time Elapsed: 3.0884177684783936
Best State: [0 0 0 0 0 0 0 0 0 0 0 0 0 0 0 0 0 0 1 0 0 0 0 1 0 0 1 1 1 0 0 0 0 0 0 0 0
 0 1 0 0 0 0 1 1 1 0 1 1 0 0 0 0 0 1 0 1 0 0 0 0 1 1 0]
10270.0	0.125
ChainStr/ChainLen: 16739.823149771477/6
Info: {'qpu_sampling_time': 300920.0, 'qpu_anneal_time_per_sample': 200.0, 'qpu_readout_time_per_sample': 80.38, 'qpu_access_time': 316845.97, 'qpu_access_overhead_time': 1678.03, 'qpu_programming_time': 15925.97, 'qpu_delay_time_per_sample': 20.54, 'total_post_processing_time': 467.0, 'post_processing_overhead_time': 467.0}
Embedding Info: {'embedding': {43: (5240, 1122, 5239), 44: (1196, 5180, 1195), 49: (1151, 1152), 45: (1108, 1107, 5390), 50: (1001, 1002, 5330, 5331), 46: (5075, 5076, 5077, 5074), 51: (5165, 5166, 1346, 5164), 47: (5179, 957, 5135), 52: (5090, 5091, 1016), 48: (5107, 5108, 5106, 5105, 1272, 1647), 53: (5225, 1092), 54: (1167, 1166, 5360, 5060), 55: (5046, 5045, 1226), 56: (1077, 5255, 1076, 5210), 57: (1061, 1062, 5030, 5300), 58: (5344, 1182, 5345, 1181), 59: (1017, 5059, 942, 5315, 5194, 941), 60: (1138, 1137, 1139, 5270), 61: (1033, 1032, 1031, 5450, 5451), 62: (1047, 1046, 1048), 63: (5121, 5120, 5122, 1391), 3: (5136,), 8: (5242, 1497, 5241), 4: (4956, 1271), 14: (5182, 5181), 5: (1153, 5511), 20: (5301, 1123, 1124, 5302, 1422), 6: (1362, 1361, 1363), 26: (1512, 5272, 1513, 1511, 5017), 7: (5498, 5497, 1649, 1648, 1574), 37: (1483, 1482, 1484, 5303), 9: (5016, 5015, 1406), 15: (5151,), 10: (5495, 5496, 1109, 1003), 21: (1258, 1257, 1259), 11: (1377, 1378, 1376), 27: (1407, 5152, 1408, 5137, 5391), 12: (1318, 5376, 1317, 5377), 32: (5196, 1287, 1347, 5197), 13: (5555, 5556, 1094, 1093, 5557), 38: (1467, 1468, 1469, 5227, 5226, 1227), 16: (5466, 1168), 22: (1213, 1212, 1211, 1214, 5271), 17: (1436, 1437, 1438, 5047), 28: (1526, 1527, 1528, 5062, 5061), 18: (5256, 5257, 1273), 33: (1242, 5211, 1302, 1241, 5212), 19: (5570, 1064, 1063, 5571, 5572), 39: (1332, 1331, 1424, 5317, 1423, 5031), 23: (5346, 1288, 1289, 5347), 29: (5482, 5481, 1183), 24: (1197, 5286, 1198, 5287, 5195), 34: (1243, 5316, 1244, 5361), 25: (5541, 5540, 5542), 40: (5526, 5525, 5527), 30: (1303, 1304, 5332), 35: (5421, 5422, 1228, 5420), 31: (5407, 5406, 1333, 5405), 41: (5436, 1348, 5437, 5435), 36: (1393, 1392, 5452, 1394), 42: (1453, 1452, 1454, 5362), 0: (5167,), 1: (5586, 1274, 1199, 5585), 2: (1499, 1498, 5602)}, 'chain_break_method': 'majority_vote', 'embedding_parameters': {}, 'chain_strength': 16739.823149771477}
