Config: F_1000-430.59769635495576s13_A400
Number of source variables: 113
Number of target variables: 1541
Time Elapsed: 265.81083393096924
Best State: [1 1 0 0 0 0 0 1 0 0 0 1 0 0 0 0 0 0 0 0 0 0 0 0 0 0 1 0 0 0 0 0 0 0 0 0 0
 1 0 0 0 0 0 0 0 0 0 0 0 1 0 0 1 0 0 0 0 1 0 0 0 0 0 0 0 1 0 0 0 1 0 1 1 0
 0 0 1 0 1 0 0 0 1 0 0 0 0 0 0 1 0 1 1 1 1 0 1 0 0 1 1 1 1 0 1 0 0 0 0 1 0
 1 1]
330.0	0.09734513274336283
ChainStr/ChainLen: 430.59769635495576/19
Info: {'qpu_sampling_time': 432920.0, 'qpu_anneal_time_per_sample': 200.0, 'qpu_readout_time_per_sample': 212.34, 'qpu_access_time': 448683.97, 'qpu_access_overhead_time': 4246.03, 'qpu_programming_time': 15763.97, 'qpu_delay_time_per_sample': 20.58, 'total_post_processing_time': 14.0, 'post_processing_overhead_time': 14.0}
Embedding Info: {'embedding': {1: (2307, 2306, 2305, 2304, 2303, 2302, 2308, 2309, 5590, 5592, 5591, 4286, 2301, 5589), 0: (4794, 1660, 1659, 4796, 4795, 4798, 1661, 4797, 1662, 1663, 1658, 4793), 2: (2019, 2018, 2020, 2021, 2022, 2023, 2024, 2017, 2016, 4150), 3: (1752, 5487, 1751, 1750, 1749, 1753, 5484, 5483, 5485, 5486, 1748, 1558, 1747, 4838, 1746), 4: (5108, 5109, 5110, 1601, 5111, 1313, 5112, 5113, 5107, 1317, 1316, 1315, 1314, 1602, 1318), 5: (5559, 1784, 1783, 1782, 1781, 1780, 1779, 1778, 1777, 5560, 5561, 1776, 5439, 5562), 6: (5091, 5095, 5090, 1046, 5093, 1045, 1044, 1043, 5092, 5094, 1212, 5096, 5097, 1211, 1042, 2426), 7: (2410, 4933, 2407, 4932, 4931, 4930, 2411, 2412, 2413, 2414, 2409, 2408, 4929, 2406, 5338), 8: (5212, 5213, 5214, 5216, 5215, 5211, 1497, 1496, 1495, 1494, 1492, 5217, 1493, 1377), 9: (1955, 2139, 2140, 2141, 1956, 2142, 2138, 2143, 2144, 2137, 2136, 4211, 4210), 10: (2366, 2365, 2364, 2363, 4362, 2367, 5184, 5187, 5186, 5185, 2362, 2368, 2369, 2361), 11: (4569, 4567, 4570, 4571, 4572, 4573, 4568, 4566, 4565, 4564, 4574, 2574), 12: (4643, 4642, 4641, 4640, 4639, 4638, 4644, 4645, 4646, 4647, 939), 13: (2352, 2351, 2350, 2349, 5172, 5171, 5170, 5169, 2353, 2354, 2348, 2347, 5168), 14: (2383, 5367, 5366, 5365, 2382, 2381, 2380, 2379, 2378, 2384, 2377, 5364, 5363), 15: (1738, 5499, 5498, 1737, 1736, 1735, 5503, 1734, 1733, 1732, 5500, 5501, 5502, 1731, 1484), 16: (2034, 2035, 2036, 2037, 2033, 2032, 2031, 2038, 2039, 4180), 17: (4595, 4598, 4603, 4597, 4596, 983, 4599, 4600, 4601, 4594, 4602, 2499, 982), 18: (2184, 2185, 2183, 2182, 2186, 2187, 2188, 2189, 2181, 4031, 4030, 4091), 19: (4759, 818, 4760, 4761, 1270, 4821, 4823, 4822, 4824, 864, 4825, 4826, 4827, 819), 20: (5136, 5141, 5137, 5138, 5139, 5140, 1331, 1330, 5142, 1329, 1328, 1327, 5143), 21: (4538, 4539, 4540, 4534, 4537, 4536, 4541, 4542, 4535, 1178, 4533, 1177, 729, 730, 4773, 4758), 22: (4433, 4438, 4432, 4431, 1208, 4434, 4435, 4436, 4437, 4430, 4429, 1209, 1342, 2483), 23: (1946, 1945, 1944, 1943, 1947, 1948, 1949, 5650, 5651, 1942, 1941, 1940), 24: (2124, 2123, 2122, 2121, 2125, 2126, 2127, 2128, 4315, 4314, 2129, 2120, 4361), 25: (5015, 5016, 5017, 5018, 5019, 1015, 5020, 1091, 4925, 1014, 1013, 5021, 5022, 1012, 1075), 26: (1914, 1913, 1912, 1915, 1916, 1917, 1918, 1911, 1910, 1919, 1909, 3835, 3836, 2074, 5665), 27: (1557, 5349, 1556, 1555, 1554, 5347, 5348, 1553, 5350, 5351, 1552, 5352), 28: (4463, 4462, 4464, 4467, 4465, 4461, 1388, 1389, 4466, 4762, 4460, 4459, 1387), 29: (1767, 1766, 1765, 1764, 5244, 1768, 1763, 1762, 5245, 5246, 5183, 5247), 30: (4692, 4687, 1180, 1179, 4688, 4689, 4686, 4685, 4690, 4691, 4684, 849, 1181, 4693, 848), 31: (5257, 1422, 1437, 1436, 1435, 1434, 1433, 1432, 5258, 5259, 5260, 5261, 5262, 1362), 32: (4493, 4494, 4495, 4491, 4496, 4497, 4492, 4490, 4489, 2453, 2454, 1088), 33: (1542, 1541, 5333, 5334, 5335, 5362, 5336, 1540, 1539, 1538, 5337, 1537), 34: (5046, 5045, 5047, 5044, 911, 910, 5049, 909, 5048, 5050, 5051, 908, 5052, 907, 1121), 35: (2277, 2276, 2275, 2274, 2273, 2272, 2279, 5442, 2271, 2278, 5441, 5440, 2270), 36: (4733, 4731, 4732, 4734, 4730, 4735, 4729, 4736, 4737, 1419, 1418), 37: (5196, 5197, 5198, 5199, 1298, 5200, 5195, 5202, 1302, 1301, 1300, 1299, 5201, 1242), 38: (4987, 4988, 4989, 4990, 4991, 4986, 4985, 1150, 1149, 1148, 1147, 4992, 1241, 1151), 39: (2169, 2170, 2171, 2172, 2173, 2174, 5006, 2168, 2167, 2166, 4061, 4060, 5007), 40: (1687, 4389, 4390, 4391, 1688, 4392, 1689, 4393, 1690, 1691, 4313, 4312, 1692), 41: (1974, 1975, 1976, 1977, 1978, 1979, 1973, 1972, 1971, 1970, 3955, 3954, 3956), 42: (1868, 1869, 1870, 1871, 1872, 1867, 1866, 4226, 1865, 4225, 4839, 4227, 1873), 43: (2049, 2048, 2050, 2051, 2052, 2047, 2046, 2053, 2045, 2054, 4915), 44: (2214, 2213, 2212, 4212, 2211, 4016, 4015, 2215, 2216, 2217, 2218, 2219, 4014), 45: (4583, 4582, 4581, 4586, 4585, 4588, 4580, 1089, 4579, 4584, 4587, 2468, 759, 760), 46: (1828, 1829, 5604, 5605, 1964, 1827, 1826, 1825, 1824, 1874, 5409, 5408, 5606, 1823, 5607, 1822), 47: (5152, 1196, 1376, 5158, 5153, 5154, 5155, 5151, 1195, 5157, 1194, 1193, 1192, 5156, 1375), 48: (5182, 1467, 1466, 1465, 1464, 1463, 1572, 5273, 5274, 5277, 5275, 5276), 49: (4673, 4672, 4671, 4670, 4674, 4677, 4675, 4676, 4669, 1269, 984), 50: (1527, 1528, 5527, 5528, 5529, 5531, 5530, 1526, 1525, 1524, 1523, 1522, 5532, 1769), 51: (1886, 1885, 1884, 1883, 1882, 1887, 1888, 5515, 1889, 5516, 5517, 1881, 1880, 5514), 52: (4614, 4615, 4616, 4609, 4617, 4618, 4619, 4613, 4610, 4612, 4611, 2469), 53: (4404, 4403, 4408, 4400, 4402, 4401, 1478, 1479, 4405, 1480, 4399, 4407, 4406), 54: (5272, 1483, 5271, 5318, 5319, 1227, 5320, 5321, 5322, 5180, 1107, 1106, 1105, 1104, 1103, 4895, 5323), 55: (4911, 1286, 4910, 1285, 1284, 1283, 1287, 1288, 4912, 1289, 5571, 5572, 5576, 5573, 5574, 5575, 5577, 4913, 4914), 56: (2005, 2006, 2007, 2008, 2009, 2004, 2003, 2002, 2001, 5410, 2000), 57: (2066, 2065, 2064, 2063, 2062, 2061, 2060, 2067, 2068, 2069, 5620), 58: (4480, 4479, 4478, 4477, 4476, 4475, 4474, 923, 924, 4481, 4482, 925), 59: (1812, 1813, 1814, 5544, 5545, 1811, 1810, 1809, 1808, 1807, 5546, 1806, 5547), 60: (4657, 4658, 4659, 4660, 4661, 4656, 4655, 4662, 4663, 4654, 4653, 2559, 834), 61: (4105, 2230, 4106, 2225, 2226, 2227, 2228, 2229, 4107, 2231, 2232, 2233, 2234, 4104), 62: (1587, 5288, 5289, 1569, 5290, 1586, 1571, 1570, 1568, 5291, 4928, 5292, 1588, 1567, 5293), 63: (4957, 4963, 4958, 4959, 1345, 968, 4956, 4955, 970, 969, 4960, 4961, 4962, 967, 1391, 1392), 64: (4240, 1929, 1928, 1927, 1930, 1931, 1932, 1933, 1934, 4284, 1926, 1925, 4241), 65: (4880, 1136, 4881, 4882, 4883, 4884, 4885, 4886, 4887, 1090, 1135, 1134, 1133, 4879), 66: (2396, 5067, 5066, 2395, 2394, 2393, 5065, 5064, 2398, 5063, 2397, 2399, 2392), 67: (4867, 4866, 4868, 4871, 4869, 4870, 4872, 4873, 2485, 2484, 1420, 4865, 4864, 1165, 1164, 1163, 1162), 68: (2199, 2198, 2197, 2196, 4164, 2200, 2201, 2202, 2203, 2204, 4181, 4166, 4165, 4182), 69: (2337, 2336, 2335, 2334, 2333, 2338, 5457, 5456, 5455, 2339, 5454, 2332, 4857), 70: (1702, 1703, 1701, 4254, 1705, 4255, 1707, 4256, 4257, 1704, 1706, 5003, 4253, 1521), 71: (5122, 1421, 5002, 5123, 5121, 5126, 1226, 1225, 1224, 5124, 5125, 1223, 5127, 1272, 1222, 5128), 72: (2320, 2319, 4917, 4767, 4766, 4765, 2318, 2321, 2322, 4764, 4763, 2323, 2324, 2317), 73: (4853, 4852, 4851, 4854, 1240, 1239, 4855, 1238, 4856, 1360, 4841, 4842, 4850, 1361, 1237), 74: (4133, 1641, 1642, 1643, 4134, 4135, 4136, 1644, 1645, 1646, 1647, 1648, 4137, 2331, 1649), 75: (1843, 1844, 1842, 1841, 1840, 1839, 1838, 4046, 1837, 1836, 1835, 4045, 4047, 4089), 76: (5167, 1482, 5077, 5078, 5079, 5080, 999, 5166, 5165, 5164, 1001, 1000, 998, 5081, 4819, 997, 5082), 77: (4357, 1417, 1372, 4297, 4298, 4299, 4300, 4301, 4358, 4356, 4355, 1373, 4354, 1374, 4302), 78: (1677, 1676, 1675, 1674, 5394, 1673, 1678, 5393, 5395, 5396, 1672, 1671, 1963, 1679, 1962), 79: (1344, 4808, 4809, 4810, 4807, 4806, 1343, 4811, 4805, 4804, 4812, 1060), 80: (4327, 1507, 1508, 4328, 4329, 1509, 4330, 1513, 4331, 4332, 1510, 1511, 1512, 1357, 5392), 81: (5308, 5306, 5305, 5302, 1407, 1406, 1405, 1404, 1403, 5303, 5304, 5307, 1402), 82: (2110, 2111, 2112, 5635, 2113, 2114, 4840, 4916, 2109, 2108, 2107, 2106, 5636, 2105, 5637), 83: (4971, 4972, 4975, 954, 4973, 4974, 4976, 4977, 4970, 956, 955, 953, 952, 4978, 2455, 1076), 84: (1628, 1629, 1630, 1631, 1708, 1627, 4268, 4269, 1632, 4270, 4271, 4388, 1633, 4272, 5423, 5543), 85: (2080, 2079, 2078, 2077, 2076, 2081, 2082, 2083, 2075, 2084, 5005), 86: (2241, 2242, 2243, 2244, 2030, 2245, 2246, 2247, 2248, 4151, 2240, 2249, 3986, 3985, 4242), 87: (4628, 4631, 4627, 4626, 4629, 4630, 4625, 4632, 4633, 4624, 4623), 88: (1899, 1898, 1897, 1900, 1901, 2059, 1902, 1903, 1904, 1896, 1895, 1894, 3805, 5004), 89: (5030, 5029, 896, 895, 894, 5031, 5032, 5033, 5037, 1166, 892, 893, 5034, 5035, 5036, 4744), 90: (1452, 1451, 1450, 1449, 5227, 5228, 5229, 5230, 5231, 5232, 1448, 1453, 1447), 91: (4508, 4507, 4509, 4510, 4511, 4512, 4506, 4505, 1358, 1359, 4504), 92: (2094, 2093, 2092, 2095, 2096, 2091, 2090, 3940, 3939, 2097, 2098, 4285, 2099), 93: (2289, 2288, 2287, 2286, 4121, 4120, 2290, 2291, 2292, 4119, 4118, 2293, 2294, 1761), 94: (4942, 4948, 4941, 4940, 4946, 1030, 1029, 1028, 4943, 4944, 1027, 4945, 4947, 5061, 1271, 5001, 1255, 5062), 95: (4702, 4701, 4700, 1073, 4703, 4704, 4705, 4706, 4707, 1074, 4699, 4708), 96: (2154, 2153, 2152, 2151, 2155, 2156, 2157, 2158, 2159, 4076, 4075, 2150, 5411), 97: (1989, 1990, 1991, 1992, 1988, 1987, 4360, 4359, 1993, 1994, 1986, 1985), 98: (1797, 1796, 1795, 1794, 1793, 1792, 1798, 1799, 5379, 5380, 5381, 1791, 5382), 99: (5468, 1618, 5469, 1614, 5470, 5471, 1617, 1616, 1615, 1613, 1612, 5378, 5472, 4283, 5473), 100: (4552, 4553, 4554, 4555, 4556, 4551, 4550, 4549, 4557, 4558, 2438, 2544, 2439), 101: (4749, 4748, 4747, 4750, 4751, 4752, 4746, 1120, 4753, 1119, 1118, 4745), 102: (4419, 4418, 4423, 4417, 4416, 4420, 4421, 4422, 4415, 4414, 1958, 1959, 1960), 103: (2261, 2260, 2259, 2258, 2257, 2256, 2262, 2263, 5427, 5426, 5425, 2264, 2255), 104: (1853, 1852, 1851, 4194, 4195, 4196, 1854, 1855, 1856, 4193, 1857, 1858, 4197, 1859, 1611), 105: (4373, 4372, 4837, 4371, 4370, 4374, 1582, 1583, 1584, 4375, 4376, 4377, 1585, 4369), 106: (4901, 4900, 4899, 4902, 2425, 2424, 2423, 4898, 4897, 4896, 1481, 2422), 107: (1297, 1600, 4343, 1597, 4347, 1598, 4344, 4340, 4345, 4342, 1599, 4341, 4339, 4346, 1462, 1102), 108: (4447, 4448, 4449, 4450, 4451, 4452, 4446, 4445, 4444, 1058, 1059), 109: (4522, 4521, 4523, 4524, 4520, 4519, 4525, 4526, 4527, 833, 1268), 110: (4718, 4719, 4720, 4715, 4721, 4722, 4717, 4716, 1254, 1253, 4714, 1252, 4723), 111: (5194, 4780, 4774, 4775, 881, 4776, 4783, 4777, 4778, 4779, 4781, 880, 882, 4782, 879, 878), 112: (1721, 1720, 4239, 1719, 1718, 1717, 1716, 1715, 3999, 4000, 1722, 1723, 4224, 4001, 4002, 2391, 4167)}, 'chain_break_method': 'majority_vote', 'embedding_parameters': {}, 'chain_strength': 430.59769635495576}
