Config: F_1000-547.8608899620413s-1_A200
Number of source variables: 160
Number of target variables: 3856
Time Elapsed: 185.87400722503662
Best State: [0 0 0 0 0 0 0 0 0 0 0 1 1 0 0 0 0 0 1 0 1 0 1 0 0 1 0 0 1 1 0 1 0 1 1 0 0
 0 0 0 0 0 0 1 0 0 0 0 0 0 0 1 0 0 0 0 0 0 0 1 0 0 0 0 0 0 0 0 0 0 0 0 0 0
 0 0 0 0 1 0 1 1 0 1 0 0 1 1 0 0 0 0 0 0 0 0 1 0 0 1 1 0 1 1 1 1 0 1 1 1 1
 1 1 1 1 1 1 0 0 1 0 0 1 0 0 0 1 0 1 1 1 1 0 0 1 1 0 1 1 1 0 0 0 1 0 0 1 0
 0 1 1 1 0 0 1 1 1 1 1 1]
2941.0	0.11875
ChainStr/ChainLen: 547.8608899620413/42
Info: {'qpu_sampling_time': 388360.0, 'qpu_anneal_time_per_sample': 200.0, 'qpu_readout_time_per_sample': 167.82, 'qpu_access_time': 404286.37, 'qpu_access_overhead_time': 3438.63, 'qpu_programming_time': 15926.37, 'qpu_delay_time_per_sample': 20.54, 'total_post_processing_time': 13.0, 'post_processing_overhead_time': 13.0}
Embedding Info: {'embedding': {1: (4599, 4598, 4597, 4592, 4596, 4595, 4594, 4593, 4591, 4590, 4600, 2443, 4601, 4602, 4603, 2438, 2439, 2440, 2441, 1794, 4604, 2442, 2154, 2153, 2152, 2151, 2150, 2149, 2148, 744, 745, 3671, 3670, 3669), 0: (2242, 4194, 4192, 4193, 4191, 4190, 4189, 4195, 4196, 2061, 2062, 2063, 2064, 4188, 2247, 4187, 4197, 2241, 2243, 2244, 2245, 2246, 2248, 4186, 2065, 4185, 1776, 4089), 2: (1012, 4325, 4324, 4323, 4322, 4321, 1013, 4320, 1011, 1010, 1009, 1008, 1014, 1015, 1016, 1017, 1007, 1006, 1018), 3: (1522, 4433, 4434, 4435, 2003, 2004, 2005, 2006, 2007, 1521, 4147, 4146, 1520, 3982, 3981, 3980, 3979, 3978, 3977, 4930, 3976, 3975, 4585, 4586, 4145, 4931, 4932, 4933, 4282, 4934, 2396, 2397, 2398), 4: (4373, 4368, 4376, 4372, 4371, 4370, 4375, 4369, 4374, 1372, 1857, 1373, 1374, 1854, 4523, 4377, 4378, 4367, 4366, 4365, 4522, 4524, 1853, 1855, 1856, 1858), 5: (758, 757, 756, 755, 754, 753, 759, 760, 4083, 4249, 4248, 4247, 4158, 761, 762, 751, 4246, 752, 763, 4245, 764), 6: (1238, 1239, 1240, 1241, 1242, 4566, 1243, 4565, 1244, 4564, 4563, 4562, 1237, 1236, 1235, 4581, 1234, 1233, 1232, 4561, 4560), 7: (4958, 4952, 4956, 4957, 4955, 4954, 4570, 4953, 1555, 1554, 4657, 1494, 4568, 4569, 4571, 4572, 4573, 4951, 1557, 1556, 4574, 4950, 1493), 8: (157, 158, 159, 160, 156, 3645, 155, 154, 153, 161, 162, 163, 3646, 5115, 152, 151, 3647, 150, 164, 589, 5100, 5101, 5102, 5103, 5104, 5105), 9: (4419, 2560, 4338, 4418, 4424, 1507, 4342, 2047, 4341, 4340, 4339, 4337, 4336, 2564, 4420, 4421, 4422, 4558, 4423, 2513, 2559, 2561, 3655, 2043, 1748, 4335, 2562, 2563, 1478, 1479, 1480, 1492, 2046, 2045, 2044), 10: (5513, 5512, 5077, 5511, 5510, 5389, 5509, 5508, 5507, 5506, 5505, 869, 5078, 5514, 5083, 1484, 1483, 1482, 5079, 5080, 5081, 5082, 749, 748, 5388, 5084, 5390), 11: (4652, 4446, 4445, 4444, 4447, 4443, 1327, 773, 4453, 1973, 774, 4653, 4448, 4449, 4450, 1974, 1975, 1976, 1977, 1978, 4451, 4452, 4651, 4650, 5260), 12: (4044, 1806, 1807, 1808, 1809, 4045, 4046, 4047, 4043, 1773, 4038, 4042, 4041, 4039, 1810, 1811, 3849, 1812, 4040, 4037, 4036, 4344, 4035, 1813, 1814, 1805, 4048, 4343, 1774), 13: (1685, 4059, 4060, 4061, 4062, 4063, 2466, 2467, 2468, 2469, 2470, 2471, 2472, 2473, 1684, 1683, 1682, 1681, 1680, 3443, 3442, 3441, 3440, 3113, 3112, 3111, 3110, 3109, 3108, 3107, 3106, 3439, 3105, 4088, 615, 3182, 3183, 1956, 1957), 14: (1191, 1190, 1189, 1188, 1187, 1186, 4265, 1198, 4264, 4128, 4130, 4129, 4127, 4126, 4125, 1192, 1193, 1194, 1195, 1196, 1197, 4266), 15: (1405, 1404, 1403, 1402, 1406, 1407, 1408, 4912, 4911, 4910, 4909, 4908, 4907, 1401, 1400, 1399, 4906, 4905, 1398, 1397), 16: (563, 564, 565, 566, 567, 568, 569, 562, 3632, 561, 560, 559, 558, 557, 556, 3631, 3872, 3630), 17: (1074, 1075, 4940, 1067, 4939, 1078, 4938, 4937, 4936, 4730, 1073, 1072, 1071, 1070, 4655, 4656, 1069, 1068, 1076, 1077, 4935), 18: (262, 263, 264, 265, 266, 261, 260, 3886, 259, 3887, 258, 257, 256, 267, 268, 255, 3885), 19: (4358, 4350, 4357, 4356, 1577, 4355, 4354, 1582, 4359, 1840, 4360, 4361, 4362, 5515, 1581, 1580, 1579, 1578, 1838, 1839, 1841, 4353, 5019, 4352, 4363, 4351, 1448, 2052, 5020, 2051, 2053, 5516), 20: (1162, 1161, 4281, 1159, 4160, 4280, 4159, 1163, 1164, 1165, 1166, 4550, 4549, 4548, 4547, 4546, 4545, 1167, 1160, 1158, 1157, 3501, 1202, 1168, 1156), 21: (817, 818, 816, 4219, 4218, 815, 4217, 4216, 819, 820, 821, 822, 814, 813, 823, 812, 811, 4215, 3829), 22: (2288, 4309, 4314, 1687, 4311, 4313, 4312, 4310, 4736, 2287, 4308, 4306, 4307, 4305, 4315, 4316, 2289, 2290, 2291, 2292, 2293, 4317, 4737, 1686, 2197, 4735, 4734), 23: (1044, 1045, 4790, 4789, 4788, 1048, 4787, 1046, 1043, 1042, 1041, 1040, 1039, 1038, 1037, 4786, 1047, 4785, 3724, 3725, 5060, 5061, 1049, 1036, 4220), 24: (277, 278, 279, 280, 276, 275, 274, 273, 272, 271, 281, 282, 5311, 270, 283, 284), 25: (3954, 3953, 3952, 3945, 3951, 3950, 3955, 3956, 1915, 1835, 1912, 3949, 3948, 1910, 1911, 1913, 1914, 4960, 3947, 4885, 3946, 1916, 1917, 5364, 3957), 26: (4015, 2031, 4120, 4121, 3991, 4122, 2501, 2032, 2181, 2033, 2498, 4436, 4000, 2503, 3999, 3998, 3997, 4437, 3996, 3995, 3994, 3993, 3992, 2034, 3990, 4438, 2499, 2500, 2502, 4510), 27: (1390, 4836, 4835, 4834, 4833, 4417, 730, 1386, 731, 732, 1389, 733, 1388, 1387, 1385, 1384, 1383, 1382, 4728, 4727, 4726, 4725, 734), 28: (4149, 1717, 1746, 4152, 4073, 4133, 4132, 4131, 4069, 4150, 4074, 4072, 4071, 4070, 4068, 4067, 4066, 1716, 1718, 1719, 1720, 4151, 2166, 2167, 4118, 4065, 2168, 2169, 2170, 2171, 2172, 2173, 1326, 1715), 29: (1558, 5498, 719, 5497, 5496, 5495, 5395, 5494, 5493, 5492, 5423, 5424, 1843, 1842, 5094, 5093, 5394, 5396, 5491, 5490, 5397, 5092, 854, 5398, 5542, 1229, 1214, 1064, 1034, 1079, 899), 30: (4987, 1824, 4986, 4985, 4984, 4983, 4988, 4989, 4990, 4991, 4982, 1481, 4981, 4992, 1826, 1827, 4980, 4993, 2275, 2276, 2277, 1825), 31: (5031, 5032, 5033, 5034, 5035, 1331, 5030, 5029, 5028, 5027, 5036, 5037, 1332, 5038, 5026, 5025, 1706, 1333), 32: (1056, 1055, 1054, 1059, 3860, 3859, 3858, 3857, 1058, 3856, 1053, 3755, 1060, 3754, 1052, 1057, 1061, 3855, 1062, 1063, 1051, 3756), 33: (4477, 4478, 4476, 4475, 4479, 4474, 4473, 4472, 4471, 1798, 1703, 4470, 1704, 4779, 1795, 1796, 1797, 4480, 4481, 4482, 4483), 34: (4612, 4613, 1569, 4619, 4614, 4615, 4616, 4617, 4611, 4618, 4610, 4609, 4608, 4607, 4606, 1764, 4605, 2709, 2710, 2711, 2712, 1765, 1766, 2713), 35: (1343, 1760, 1344, 1329, 4521, 1330, 4927, 1316, 1317, 1250, 4517, 4567, 4520, 3922, 4519, 4518, 4516, 1318, 1253, 1252, 1251, 1249, 3921, 1518, 3923, 1517, 1319, 4515, 1519, 1745, 1761), 36: (128, 5481, 5482, 4886, 5483, 5484, 2184, 125, 5485, 126, 5486, 2158, 5487, 5480, 5479, 5478, 1543, 5477, 5488, 2155, 5476, 5489, 2157, 127, 2156, 1723, 1722, 5213, 5214, 5475, 4841, 133, 132, 131, 130, 129, 124, 2185, 4766, 5066, 5065, 4887), 37: (398, 397, 396, 395, 394, 5599, 5597, 393, 392, 391, 399, 400, 401, 5598, 402, 403, 404, 3766, 5596), 38: (4806, 4809, 4807, 4804, 1585, 1586, 4808, 4805, 4803, 4802, 4810, 4811, 4812, 4801, 4800, 4813, 1587, 1584), 39: (637, 638, 630, 639, 640, 641, 642, 636, 4112, 4111, 635, 634, 633, 632, 4110, 631, 643), 40: (1669, 3728, 3275, 3729, 1939, 3278, 1940, 1941, 3368, 1942, 1943, 1944, 3727, 1945, 1668, 1667, 3272, 3277, 3276, 3274, 3273, 3271, 3714, 3367, 3364, 3366, 3365, 1946, 5095, 3270, 3653, 1947, 3652), 41: (4030, 4031, 4318, 4032, 2547, 4029, 2545, 4028, 4027, 4026, 4022, 4025, 4024, 2549, 4033, 2541, 2542, 5290, 2543, 2544, 2546, 4023, 2548, 1837, 4021, 4020, 1895, 1894, 1893, 1836, 5293, 5292, 5291, 5289, 1896, 1897), 42: (4968, 4972, 4971, 2095, 4970, 4975, 4969, 4973, 4974, 2097, 4976, 4977, 4978, 4967, 4966, 4965, 1616, 2096, 4979, 2098), 43: (4899, 4898, 4890, 4897, 4896, 4895, 4894, 4893, 4892, 4891, 4914, 4915, 4916, 1959, 4917, 4919, 4918, 1631, 1632, 2515, 1960), 44: (4687, 1422, 4686, 4688, 4689, 4690, 1420, 4691, 4692, 4685, 4684, 4683, 4682, 4693, 4681, 4680, 1419, 1421, 1423, 5392, 4708, 4709), 45: (4200, 172, 171, 170, 173, 174, 175, 176, 169, 3720, 3721, 177, 178, 179, 3722, 168, 167, 166, 3723, 165, 769, 768, 3499, 3500), 46: (5407, 5408, 1948, 5409, 5410, 5411, 5258, 5412, 5413, 5401, 5414, 5406, 5405, 5404, 5403, 5402, 5288, 5400, 1393, 1633, 2308, 2307, 2306, 1678), 47: (983, 982, 981, 4920, 984, 985, 4925, 4924, 4923, 977, 4922, 4921, 980, 979, 978, 976, 986, 987, 988), 48: (4763, 4752, 4762, 4761, 4760, 4759, 4764, 4765, 4750, 4751, 1630, 4757, 4758, 4756, 1779, 1780, 1781, 1782, 4755, 4753, 4754, 1783), 49: (337, 338, 339, 340, 341, 336, 335, 342, 343, 334, 333, 332, 331, 330, 344), 50: (2518, 4224, 1672, 4298, 4297, 4296, 4225, 1671, 4405, 1673, 4013, 4012, 2409, 4011, 4010, 4009, 4008, 4007, 4006, 4005, 4404, 4406, 4497, 2183, 4496, 2408, 2410, 2411, 2412, 4226, 1674, 4557, 5367, 5368, 2106, 2105, 2104, 2103), 51: (4537, 1524, 4538, 1526, 4539, 4540, 4541, 1523, 4533, 1525, 1527, 4542, 4531, 4543, 4536, 4535, 4534, 4532, 4530, 4544), 52: (1029, 1028, 1027, 1026, 1025, 1024, 1023, 1022, 3904, 1033, 3905, 3906, 3211, 1030, 1031, 4279, 4278, 1021, 3214, 3213, 3212, 1032, 3210, 1205), 53: (322, 323, 324, 325, 326, 327, 328, 321, 320, 319, 318, 317, 316, 315, 329, 4171), 54: (4867, 4866, 4865, 4863, 4864, 4868, 2391, 4869, 1571, 4870, 4862, 4872, 4861, 4871, 4860, 2394, 1570, 4873, 1572, 2395, 2393, 2392), 55: (4641, 4642, 1538, 1537, 1536, 4643, 1539, 1540, 1541, 1475, 4640, 4644, 1476, 4639, 4638, 4637, 4636, 4635, 4647, 4645, 1542, 4148, 4646, 4223, 1477, 4648), 56: (217, 218, 2927, 219, 220, 221, 222, 223, 224, 216, 215, 2928, 214, 213, 212, 211, 4201, 4202, 210, 2925, 2926, 2929), 57: (2002, 4235, 2001, 2000, 4300, 4301, 2302, 2366, 2303, 2367, 4233, 2304, 2368, 2305, 4947, 4238, 4240, 4239, 4237, 4236, 4234, 4232, 4231, 4230, 4302, 1999, 2272, 2273, 2274, 1972), 58: (4461, 1223, 1222, 1221, 4490, 4489, 3622, 4488, 1225, 4487, 4460, 4486, 4485, 1224, 1226, 1227, 1228, 1220, 1219, 1218, 1217, 3621, 3623, 3624, 3625), 59: (682, 683, 684, 685, 686, 681, 680, 687, 679, 678, 677, 4260, 688, 689, 676, 4262, 4261), 60: (548, 549, 550, 551, 552, 553, 547, 546, 5117, 5116, 545, 544, 543, 5012, 542, 554, 541), 61: (3970, 2228, 3971, 3961, 2225, 3968, 2226, 2227, 2229, 2230, 2231, 2232, 2233, 3969, 3960, 3967, 3966, 3730, 3965, 3964, 3963, 4407, 3962, 3972, 1955, 1954), 62: (5303, 5304, 5302, 5301, 5300, 5299, 5298, 5297, 5296, 5295, 5305, 5306, 5309, 5307, 102, 5308, 1392, 2188, 598, 101, 100, 99, 98), 63: (368, 367, 369, 370, 371, 372, 373, 374, 366, 365, 364, 363, 5581, 362, 361), 64: (926, 925, 924, 5057, 923, 922, 921, 920, 919, 5568, 5537, 918, 5058, 927, 928, 5538, 929, 5059, 5569, 5567, 5566, 917, 5539, 5536, 5535, 856, 479, 5627, 5626, 3304, 3169, 780, 3063, 4459, 3062, 596), 65: (1594, 1593, 3848, 3847, 1592, 3846, 3845, 3844, 1595, 1596, 1597, 1598, 1204, 1599, 1600, 1601, 3843, 3842, 3841, 1602, 3840, 5108, 1603, 5107), 66: (247, 248, 249, 250, 251, 252, 253, 246, 5522, 245, 5520, 5521, 244, 243, 242, 241, 240), 67: (3769, 2037, 3774, 3773, 2089, 3772, 3771, 3770, 2093, 3768, 724, 3678, 3677, 3676, 3767, 3775, 2090, 2091, 2092, 2094, 4781, 2035, 2036, 2038, 3675, 3776, 3777, 5215), 68: (1880, 3786, 1881, 1882, 4464, 3785, 4465, 2123, 2124, 2125, 2126, 2127, 1878, 2128, 3783, 1879, 1877, 3789, 3788, 3787, 3784, 3782, 3781, 3780, 4840, 3506, 1444, 1443, 1778, 3505), 69: (1118, 4505, 1112, 4504, 1117, 4503, 1116, 1115, 4502, 4501, 1114, 1113, 1119, 1120, 1121, 4500, 1122, 1123, 1124), 70: (487, 486, 485, 484, 488, 4172, 489, 490, 491, 483, 482, 492, 493, 5010, 5011, 481, 480, 494), 71: (1255, 5281, 4791, 4792, 4793, 4794, 5285, 4795, 4796, 4797, 4941, 1256, 1257, 5286, 4799, 5284, 5280, 1258, 5283, 5282, 4798, 1259, 1254), 72: (2165, 3938, 3937, 3936, 3935, 3934, 1872, 3933, 1866, 3932, 3931, 1730, 1868, 3939, 1865, 1867, 1869, 1870, 4119, 1871, 3940, 3941, 3930, 3942, 1873, 1864, 1728, 3865, 1729), 73: (5167, 5166, 747, 5168, 5165, 5164, 5163, 5162, 5161, 5160, 5169, 5170, 5171, 5172, 5173, 746, 5174), 74: (4703, 4702, 1449, 1689, 4658, 4659, 4660, 1690, 1691, 4661, 4701, 4700, 4699, 4698, 4697, 4696, 4695, 4662, 4663, 1692), 75: (5073, 1302, 5076, 5075, 5074, 5072, 5071, 115, 5196, 5197, 5198, 5199, 113, 5200, 5201, 5202, 5203, 5070, 116, 1301, 114), 76: (847, 848, 849, 850, 846, 845, 844, 4458, 4457, 843, 842, 851, 4456, 4455, 852, 841, 853), 77: (1148, 4625, 4624, 4623, 1147, 1146, 1145, 1144, 1143, 3711, 1142, 1149, 1150, 4626, 1151, 4620, 4622, 4621, 1141, 1152, 1153), 78: (5122, 5123, 5124, 5121, 5120, 5125, 5119, 5118, 597, 5087, 5129, 5127, 5086, 5126, 5128, 1346, 5085, 5088, 1347), 79: (3667, 1459, 5450, 1460, 1337, 1461, 1462, 3666, 5586, 5452, 3665, 5227, 1413, 5585, 5587, 1463, 1464, 1465, 1412, 5584, 1467, 1338, 1336, 3246, 3245, 3244, 3243, 3242, 3241, 901, 1466, 3668, 3240, 1468, 5582, 916, 1469, 5451, 5583), 80: (5137, 5136, 5135, 5134, 5140, 5133, 5132, 5131, 5138, 5139, 5141, 5142, 5143, 5144, 5130), 81: (4283, 1701, 4284, 1700, 3796, 3894, 1699, 1702, 3803, 3802, 3801, 2668, 4287, 3800, 3799, 5069, 2665, 3798, 3797, 4285, 4286, 4288, 2662, 2663, 2664, 2666, 2667, 3795, 1698), 82: (876, 4084, 873, 4085, 4086, 875, 874, 3660, 3664, 3663, 3662, 3661, 877, 878, 879, 880, 881, 882, 883, 872, 5209, 884), 83: (517, 518, 519, 520, 513, 521, 4277, 512, 4276, 4275, 516, 523, 515, 514, 522, 511, 510, 524), 84: (4746, 4747, 1438, 4745, 4629, 4744, 4743, 4742, 1434, 1433, 1432, 4628, 4741, 1429, 4740, 1435, 1436, 4627, 4630, 1431, 1430, 1437, 1428, 1427), 85: (1968, 1969, 3535, 3534, 3533, 2017, 1502, 3412, 2022, 3411, 3410, 3409, 3408, 3407, 3406, 3640, 2014, 2015, 2016, 2018, 2019, 1970, 2020, 3405, 2021, 2023), 86: (2972, 889, 888, 887, 886, 4142, 885, 2974, 3124, 2973, 895, 2971, 4143, 890, 891, 892, 3121, 893, 3619, 4144, 894, 3123, 3122, 3618, 896, 897, 898, 2970), 87: (1506, 4162, 2112, 1491, 3825, 4208, 2111, 4253, 4117, 4116, 4115, 4114, 2113, 741, 4113, 740, 3828, 4254, 5096, 4705, 4255, 4256, 2107, 2108, 4161, 2109, 2110, 3827, 3826, 5097, 5098, 4163, 1490, 4706, 4252, 5099), 88: (4881, 4880, 1547, 775, 4879, 1550, 4878, 776, 777, 4268, 1315, 1314, 4582, 4875, 778, 4877, 4876, 4583, 4584, 1568, 1567, 1566, 1549, 4058, 779, 1548, 1300, 1546, 4267), 89: (934, 935, 936, 3076, 937, 4294, 4293, 4292, 4291, 933, 938, 939, 940, 941, 942, 943, 932, 944, 931, 930, 3079, 3078, 3077, 3075), 90: (5242, 5243, 1617, 5239, 5244, 5245, 5246, 5249, 5247, 5248, 5241, 5240, 5238, 5237, 5236, 5235), 91: (800, 799, 5613, 798, 801, 802, 803, 804, 805, 3679, 806, 807, 797, 796, 3228, 3227, 3226, 808, 809, 5612, 5611, 3225, 4774, 721), 92: (4822, 4821, 4823, 1660, 4820, 4819, 4824, 4818, 4817, 4816, 1661, 4825, 4826, 4815, 1662, 4827, 4828, 1663, 4749), 93: (188, 120, 187, 186, 185, 184, 183, 189, 190, 191, 182, 192, 193, 194, 181, 4770, 5385, 5386, 5387, 3765, 3120), 94: (1925, 3880, 3879, 3878, 3877, 3876, 3875, 3874, 1926, 1927, 1928, 1929, 1930, 1931, 3881, 1909, 3759, 1804, 1803, 1802, 1801, 3144, 3143, 3142, 3141, 3140, 3139, 3138, 3137, 3136, 3135, 3882, 3883, 1932, 770, 1933, 3918, 3917), 95: (3746, 3741, 3747, 4379, 2651, 3748, 2644, 2645, 2646, 2647, 2648, 2649, 2650, 3736, 2652, 3735, 3745, 3739, 3744, 3743, 2653, 3742, 3740, 3738, 2194, 2195, 2196, 3737, 4843, 4842, 2425, 4136, 1908), 96: (967, 968, 969, 970, 971, 972, 4400, 4399, 4398, 4397, 4396, 966, 965, 964, 963, 973, 962, 961, 4395), 97: (666, 667, 668, 669, 670, 3346, 671, 665, 664, 663, 662, 3348, 3603, 3347, 32, 672, 673, 661, 3345, 674, 31, 660), 98: (998, 4055, 999, 1000, 1001, 1002, 1003, 997, 996, 995, 4578, 4056, 4057, 4580, 4579, 4577, 4576, 994, 993, 992, 4654, 991, 4575, 990), 99: (352, 351, 350, 349, 359, 348, 347, 346, 353, 354, 355, 3001, 356, 357, 358, 345, 3002, 3003, 3004), 100: (3612, 2406, 1323, 3611, 3610, 3513, 3609, 3608, 3927, 3607, 3606, 3605, 2403, 3604, 2485, 1458, 3516, 3517, 2487, 3515, 3514, 3512, 2404, 2405, 2480, 2481, 2482, 2483, 2484, 2486, 2488, 3511, 3510, 2407, 2208), 101: (621, 620, 624, 4203, 622, 623, 619, 618, 588, 3602, 587, 586, 625, 626, 4157, 627, 628, 4156, 629, 4155), 102: (5346, 5347, 5348, 5349, 5350, 5212, 4945, 5345, 5344, 4733, 5343, 5353, 1496, 5342, 5351, 5352, 5341, 5340, 1498, 1497, 1303, 4943, 4944, 1495, 4732), 103: (1637, 3353, 3352, 3351, 3350, 3349, 1638, 1639, 1640, 525, 1641, 1642, 1643, 1644, 1645, 1646, 3293, 1636, 3090, 3098, 3097, 3096, 3095, 1648, 3094, 3093, 3092, 1647, 3091, 675, 705), 104: (1353, 1354, 1355, 1356, 1357, 1358, 1359, 3726, 3291, 1352, 1351, 3292, 3290, 3289, 3288, 3287, 3286, 1451, 3285, 1360, 4942, 1452, 1453, 1454), 105: (307, 5461, 308, 3496, 309, 310, 311, 312, 313, 306, 305, 304, 303, 302, 301, 314, 300, 5462, 3495), 106: (2634, 5156, 5152, 5150, 5153, 5154, 5149, 5155, 5157, 5158, 2636, 5148, 5151, 5147, 5146, 5159, 5145, 42, 41, 40, 39, 38, 37, 2635, 2633, 2632, 2631), 107: (3701, 3700, 2139, 3699, 3698, 3697, 3690, 3696, 1474, 3695, 3694, 3693, 2134, 2135, 2136, 2137, 2138, 2140, 2141, 2142, 2143, 3692, 3691, 2164, 3702), 108: (427, 428, 429, 426, 425, 430, 431, 432, 424, 423, 422, 3601, 421, 420, 433, 3181, 3180), 109: (3581, 2283, 2284, 2285, 4017, 4018, 2571, 2572, 1967, 2573, 2574, 2575, 3480, 2576, 2163, 3491, 3490, 3489, 3488, 3484, 3487, 3483, 3486, 3485, 3482, 2286, 3481, 2577, 2578, 2579, 4303), 110: (4099, 1132, 1131, 4100, 1127, 4098, 4096, 4097, 4095, 4175, 1133, 1134, 1135, 1136, 1137, 1130, 1129, 1128, 1138, 1139, 5255), 111: (2132, 3341, 3340, 3339, 2216, 3338, 3337, 3336, 2212, 3335, 3334, 3333, 3332, 2217, 2211, 3331, 2133, 3656, 3330, 2209, 1516, 2210, 2213, 1876, 2214, 2215, 2218, 2219, 767, 4227, 4631, 4632, 1817), 112: (4852, 4853, 4854, 4857, 4856, 4855, 4845, 4851, 4850, 5064, 4849, 4848, 4847, 4846, 1885, 1886, 4858, 1887, 1888), 113: (606, 605, 604, 3436, 607, 608, 609, 610, 611, 612, 613, 603, 602, 601, 3437, 600, 3435, 3873), 114: (292, 291, 290, 289, 288, 287, 286, 285, 293, 294, 295, 296, 297, 4290, 298, 3421, 3061, 390), 115: (3595, 2080, 3594, 2082, 3591, 3593, 3585, 3592, 2088, 3588, 3590, 2073, 2074, 2075, 2076, 2077, 2078, 2079, 2081, 3589, 3587, 3586, 3596, 2083, 4331, 2072), 116: (1654, 1655, 1656, 3638, 3637, 3636, 3635, 3634, 1657, 1658, 1659, 4389, 4390, 4391, 4392, 4393, 2528, 2529, 2530, 2531, 2532, 2533, 1248, 1247, 1246, 3156, 3155, 3154, 3153, 3152, 3151, 3633, 1653, 1652, 3150, 2534), 117: (1988, 1938, 3579, 3578, 3574, 3577, 3685, 3570, 3576, 1984, 1985, 1986, 1937, 1987, 1989, 1990, 1991, 3575, 3573, 3572, 3571, 1992, 1993, 3460), 118: (4413, 4416, 1177, 1176, 1175, 1174, 1173, 1172, 1178, 1171, 1181, 4415, 4414, 4412, 1180, 4411, 1179, 1182, 1183, 4410), 119: (1286, 1287, 1288, 1289, 1280, 5370, 5376, 5375, 5374, 5373, 5372, 5371, 1285, 1284, 1283, 1282, 4176, 4177, 1278, 4178, 1281, 1279, 1277, 4401, 4506, 4206, 4205), 120: (457, 456, 455, 454, 453, 452, 458, 459, 460, 461, 462, 3916, 463, 451, 4441, 450, 4440), 121: (1820, 1884, 1819, 1883, 1818, 3473, 3472, 3474, 3471, 1750, 3470, 3469, 3468, 4780, 3467, 3466, 4704, 3465, 4509, 1753, 1821, 1822, 1823, 1749, 1751, 1752, 3475, 3476), 122: (502, 503, 504, 505, 501, 500, 499, 498, 4772, 506, 497, 4773, 4771, 507, 508, 496, 495, 509), 123: (712, 711, 710, 709, 708, 707, 3903, 3902, 3901, 713, 4173, 714, 715, 716, 717, 718, 3900, 706), 124: (4670, 4677, 4671, 4672, 4673, 1508, 594, 4669, 4674, 4675, 593, 4668, 1513, 4676, 4678, 1511, 591, 1509, 592, 1510, 4667, 595, 4830, 4831, 4832, 1512, 590), 125: (382, 381, 380, 383, 4141, 384, 385, 386, 387, 388, 389, 379, 378, 377, 376, 3556, 3555), 126: (5332, 5331, 5330, 5329, 4838, 5328, 5327, 5333, 5334, 5335, 5336, 5337, 5339, 5326, 1902, 4839, 1901, 5325, 5338, 1900, 4837, 1903, 1615, 4778, 4777, 4776, 4775, 1614), 127: (951, 950, 949, 3710, 3709, 952, 3706, 953, 954, 955, 956, 957, 3708, 3707, 948, 947, 958, 3705, 959), 128: (4386, 1268, 1267, 1266, 1265, 1264, 1263, 4385, 4384, 4383, 1269, 4387, 4382, 1270, 1271, 1272, 4381, 4380, 1273, 1274, 1262), 129: (3386, 3385, 3384, 1313, 3380, 3383, 2321, 3382, 3381, 3379, 3378, 3377, 3376, 3375, 2361, 2297, 2362, 2298, 3687, 2359, 2360, 2363, 4272, 2317, 1312, 2318, 2319, 2320, 2322, 2323, 1307, 1308, 1309, 1310, 1311, 5262), 130: (4551, 1208, 1209, 1210, 1211, 1212, 5195, 5194, 1627, 5193, 5192, 5191, 4326, 1213, 4552, 4553, 4554, 5190, 4555, 4556, 1629, 1628, 1626, 1625, 1207, 1297, 1296, 1295, 3892, 1324, 1624, 1623, 1622), 131: (5047, 1361, 5040, 5048, 5049, 5050, 5051, 5052, 5053, 5046, 5045, 5044, 5043, 5042, 5041, 5054, 1362), 132: (3390, 2447, 3552, 2313, 1712, 2314, 2315, 2451, 2316, 3563, 3402, 3401, 2449, 3400, 2453, 3399, 3398, 3397, 3392, 3396, 3395, 3394, 3393, 3391, 2448, 2450, 2452, 2454, 2455, 2456, 2457, 4408, 2458, 1743, 3654), 133: (651, 3557, 3300, 650, 649, 648, 647, 646, 645, 652, 653, 654, 655, 656, 3303, 3302, 3301, 657, 658), 134: (832, 831, 4263, 833, 834, 835, 836, 837, 838, 3750, 830, 829, 3753, 3752, 3751, 828, 827, 826), 135: (532, 531, 530, 533, 534, 535, 536, 537, 538, 529, 528, 539, 527, 5312, 3617, 3616, 526), 136: (3360, 860, 861, 862, 863, 1203, 864, 865, 866, 859, 4204, 858, 3543, 857, 5090, 3363, 3362, 3361, 867, 868, 3544, 3545, 5089, 5091, 722), 137: (472, 471, 470, 469, 473, 474, 475, 476, 477, 468, 467, 478, 5206, 5205, 466, 465), 138: (412, 411, 410, 409, 408, 407, 413, 414, 415, 416, 417, 5056, 5055, 406, 418, 419), 139: (4717, 4716, 4715, 4714, 4713, 4712, 4711, 4710, 4718, 4721, 4719, 4720, 4722, 4723, 144, 1675, 145, 146, 1676, 1677, 4724), 140: (5272, 5270, 5273, 5274, 5275, 5276, 5277, 5278, 5279, 1961, 5271, 5269, 5268, 5267, 5266, 5265, 1962, 147), 141: (2147, 3461, 3462, 2373, 2374, 2375, 2376, 3430, 2377, 2378, 2379, 3168, 2380, 2381, 2382, 3431, 3429, 3428, 3427, 3426, 3425, 3424, 3423, 2178, 2179, 2180, 737, 736, 3167, 3166, 3165, 2383), 142: (787, 788, 789, 790, 786, 785, 784, 3813, 3812, 3811, 3810, 783, 782, 791, 792, 793, 3438, 781), 143: (1707, 1708, 5438, 5437, 5436, 5435, 5434, 5433, 5228, 5430, 5229, 5230, 5231, 5232, 5233, 2187, 5432, 5431, 2186, 4901, 4900, 2517, 5188, 5234, 1528), 144: (577, 578, 579, 4081, 580, 576, 575, 574, 573, 572, 571, 4082, 581, 582, 583, 4080, 584), 145: (1105, 1104, 1103, 1106, 1107, 5225, 5224, 5223, 5222, 1102, 1108, 1101, 1100, 1099, 1109, 5221, 5220, 1098, 1097, 4250), 146: (5182, 5181, 5187, 5180, 5183, 1767, 5179, 5178, 5177, 5184, 5176, 5175, 5185, 5186, 2426, 5067, 5068), 147: (442, 5416, 441, 440, 5415, 443, 444, 445, 446, 447, 448, 449, 439, 438, 437, 436, 435, 5417, 5418), 148: (3259, 3712, 1414, 3260, 1415, 4493, 1416, 2202, 1417, 1418, 4492, 3650, 1294, 3648, 3651, 3649, 3256, 4494, 3258, 3261, 4495, 2048, 2049, 2050, 4961, 4962, 2201, 2203, 1293, 1292, 1291, 3257, 2200, 2199, 3255, 3532), 149: (205, 204, 203, 202, 201, 200, 199, 198, 197, 196, 5595, 206, 207, 208, 209, 3540, 195, 3541, 3542, 104, 5625, 617, 4665), 150: (907, 908, 909, 910, 911, 912, 913, 4054, 906, 4053, 4052, 905, 904, 903, 4051, 4050, 902, 914, 4174), 151: (3547, 1532, 3316, 1531, 3323, 3322, 3321, 3320, 3319, 3318, 3317, 3548, 3549, 3550, 3551, 2252, 2253, 3561, 2254, 2255, 2256, 2257, 2258, 2259, 2260, 2261, 3546, 2262, 3315, 2263, 871, 1216, 1201, 3560), 152: (698, 699, 700, 701, 702, 5253, 5252, 5251, 697, 5250, 696, 695, 694, 693, 692, 703, 691, 690, 704, 3498, 3497, 3888), 153: (5318, 5317, 5316, 5315, 1588, 5362, 5361, 5360, 5359, 5319, 5358, 5357, 2067, 5356, 5355, 5320, 5314, 5321, 5322, 5323, 5313, 2066, 2606, 5324, 1573, 5111, 2607, 2605, 2604, 1768), 154: (1088, 1089, 4426, 1090, 1091, 1093, 4430, 1087, 1086, 1085, 1084, 1092, 4429, 4428, 4427, 1083, 1082, 1094, 4425), 155: (4527, 3521, 2332, 3520, 1833, 2329, 3459, 3458, 3457, 3456, 3455, 3454, 3453, 3452, 2338, 3451, 3450, 3522, 2328, 2330, 2331, 2333, 2334, 2335, 2336, 2337, 2028), 156: (1562, 3818, 1670, 3201, 3819, 3202, 3820, 1564, 3821, 3822, 3814, 3199, 2345, 3200, 2346, 3198, 2347, 2348, 5021, 2349, 2350, 2351, 2352, 3817, 3816, 766, 3815, 3196, 1563, 1561, 3197, 5022, 5023, 2353, 3195, 2119, 2118, 2117), 157: (4995, 5001, 1375, 5000, 4999, 4998, 1391, 5002, 4997, 4996, 5003, 5004, 5005, 5006, 5007, 5008, 1376, 1377), 158: (235, 236, 237, 238, 229, 234, 233, 232, 231, 230, 228, 239, 227, 226, 5550, 5551, 5552, 299, 3915, 3600, 225), 159: (5445, 5467, 5465, 5468, 5463, 5469, 5446, 5470, 5382, 1735, 5471, 5472, 5473, 5466, 5464, 599, 5447, 5474, 1738, 1737, 2354, 1736, 5109, 5018, 5110, 5017, 2413, 5016, 5015, 2039, 2204, 2024, 5014, 1734, 1733)}, 'chain_break_method': 'majority_vote', 'embedding_parameters': {}, 'chain_strength': 547.8608899620413}
