Config: F_1000-15067.017991559402s-1_A200
Number of source variables: 79
Number of target variables: 866
Time Elapsed: 60.36868166923523
Best State: [1 0 0 0 0 0 1 1 0 0 0 0 0 0 0 0 0 0 0 0 0 0 0 0 0 0 0 0 0 0 0 0 1 1 0 1 0
 0 1 0 0 0 0 1 1 1 1 1 1 0 0 0 0 0 1 1 0 0 1 1 1 0 1 1 1 0 0 0 0 1 1 1 1 0
 1 1 1 0 1]
10389.0	0.08860759493670886
ChainStr/ChainLen: 15067.017991559402/17
Info: {'qpu_sampling_time': 362620.0, 'qpu_anneal_time_per_sample': 200.0, 'qpu_readout_time_per_sample': 142.08, 'qpu_access_time': 378545.57, 'qpu_access_overhead_time': 3288.43, 'qpu_programming_time': 15925.57, 'qpu_delay_time_per_sample': 20.54, 'total_post_processing_time': 52.0, 'post_processing_overhead_time': 52.0}
Embedding Info: {'embedding': {1: (2466, 4078, 2465, 2467, 4079, 2468, 4077, 4076, 2464, 2463, 2469), 0: (4496, 2153, 2152, 2151, 2150, 2149, 2148, 4495, 4497, 2258, 4602, 4603, 4604), 2: (2062, 4345, 1957, 1956, 1955, 1954, 1953, 2063, 4571, 4572, 4573, 4574, 3565), 3: (1837, 1836, 4212, 1835, 4210, 4211, 4213, 4214, 4344, 1834, 1833), 4: (4225, 4226, 4227, 4228, 4229, 1896, 1895, 1894, 1893, 2002, 4224, 2076, 1892), 5: (2541, 2542, 2543, 2540, 2539, 4498, 2544, 2538, 2545), 6: (2451, 2452, 2450, 4183, 2449, 2448, 2453, 4828, 2454, 4827, 4826, 4825, 2125, 2634, 2447), 7: (3866, 3867, 3868, 3869, 2689, 3865, 3864, 3863, 1549, 2688, 1550), 8: (2301, 2300, 2299, 2302, 2303, 4332, 4333, 2298, 4334), 9: (4134, 1881, 1880, 1879, 4135, 4137, 4136, 4138, 1878, 4133, 1877), 10: (2496, 2497, 2498, 2499, 2495, 2494, 2493), 11: (2586, 2585, 2584, 2583, 2582, 2587, 2588, 2589, 4318), 12: (4000, 3999, 4004, 3998, 4001, 4002, 4003, 1595, 1594), 13: (2376, 4152, 2273, 2375, 3853, 2271, 2272, 3854, 2374, 2373, 4286, 4151), 14: (3717, 3718, 3719, 3716, 3715, 1939, 2704, 2705, 3714, 3713, 1938), 15: (2362, 4692, 2361, 2360, 2363, 2364, 4693, 2359, 2358, 2365, 4752, 4753, 4754), 16: (1970, 3670, 1968, 1969, 3673, 3671, 3674, 3672, 3669, 1971, 4195, 4180, 4181), 17: (1912, 1911, 1910, 1909, 1908, 4390, 4391, 4393, 4392, 4394, 2198, 1907), 18: (3881, 3883, 3882, 3880, 3884, 3879, 1940, 3878), 19: (2481, 2480, 2479, 2478, 2482, 4153, 2483, 2484, 4662, 4663, 4154), 20: (4300, 4299, 1807, 1806, 1805, 1804, 4301, 4302, 2422, 4408, 4409, 1803), 21: (3745, 3744, 1774, 1775, 3746, 3747, 3748, 3849), 22: (3776, 3775, 2074, 2075, 3774, 3773, 3777, 3778), 23: (2286, 2285, 4197, 4198, 4199, 2287, 2288, 2284, 2283), 24: (3926, 3925, 3927, 2254, 3924, 2253, 3923, 3928, 3929, 2690), 25: (1988, 4677, 1989, 4675, 4676, 4678, 1987, 1986, 1985, 1984, 4450, 4451, 1983), 26: (4166, 4165, 2001, 4163, 2000, 4167, 4168, 4169, 1999, 4164), 27: (2616, 2615, 2614, 2617, 2618, 2613, 2612, 2619, 3598, 3539, 3537, 3538), 28: (2046, 4150, 1926, 1925, 4707, 1924, 1923, 2047, 2109, 2048, 4616, 4706, 4708, 4709, 4436, 4437), 29: (2107, 2059, 4270, 2061, 2060, 2058, 4361, 4362, 2108, 4376, 4363, 4364, 4375, 2057), 30: (4121, 4120, 4119, 4122, 4123, 4118, 2556, 2555, 2554), 31: (2631, 2632, 2633, 4648, 2630, 2629, 4647, 2628, 2649, 2627), 32: (3942, 3943, 2645, 3941, 3940, 3939, 2646, 2644, 2643, 3938, 3922, 3937, 1430), 33: (2315, 2316, 2317, 2318, 2314, 4182, 2319, 2313, 3552, 3553, 2256, 4271), 34: (2347, 2348, 4467, 4468, 2346, 2345, 2344, 2343, 2349, 4407, 4406), 35: (3806, 3809, 3805, 3804, 1714, 3807, 3808, 3803, 1715), 36: (2122, 2121, 2120, 4737, 2123, 2124, 4526, 2119, 4527, 4739, 4736, 4738, 2118, 2530), 37: (3792, 3789, 3791, 3793, 3794, 3790, 2764, 3788, 2674, 2675), 38: (2332, 2331, 2330, 2329, 2328, 2333, 4453, 4452, 2334), 39: (3656, 3655, 3654, 3653, 3657, 3658, 3659, 2194, 2195, 1593, 1563), 40: (2226, 2227, 2225, 2224, 2228, 2223, 4242, 4243, 4244, 2222), 41: (3761, 3762, 3763, 3760, 3759, 3758, 2419, 1654, 2420, 2421), 42: (2017, 1746, 4330, 4329, 1747, 1745, 1744, 1743, 2378, 2018, 4480, 4618, 4481, 4482, 2379, 4619, 1882), 43: (4313, 1672, 1671, 1670, 4314, 4315, 4316, 4317, 1669, 2257, 4422, 4423, 4424, 1668), 44: (2601, 2602, 2600, 2599, 2598, 2597, 4303, 4439, 2603, 2604), 45: (2134, 2135, 2133, 2136, 3581, 3582, 2137, 3566, 3851, 3583, 2138, 4331), 46: (3911, 3910, 3909, 3908, 3907, 3912, 3913, 3914), 47: (4019, 4016, 4015, 4014, 2105, 2104, 4017, 4013, 4018, 2196), 48: (3595, 2030, 2103, 3626, 3627, 3628, 3629, 2028, 2029, 3594, 3593, 3596, 2031, 2032), 49: (2211, 2210, 2209, 4032, 4033, 4034, 4031, 2208, 4030, 2212, 4029), 50: (3820, 3821, 3822, 3823, 3819, 3818, 3824, 1534), 51: (3685, 3684, 3686, 3687, 2719, 3688, 3683, 3689, 1578, 1579, 1580, 1819), 52: (2182, 4241, 2183, 2184, 2181, 2180, 2179, 4346, 4348, 4349, 4347, 2178), 53: (4046, 4045, 4044, 4047, 4048, 4043, 2045, 4049, 1565, 1564), 54: (3701, 3700, 3699, 3702, 3703, 2014, 2015, 3704, 3698), 55: (3643, 2073, 3642, 3641, 3640, 3639, 3644, 2749, 2750, 2751, 2418, 3959, 3638, 2720, 4124, 2706), 56: (3614, 1713, 3743, 1609, 1610, 3609, 3610, 3611, 3612, 1611, 3613), 57: (2092, 2091, 2090, 2089, 2088, 2093, 4511, 4512, 4513, 4514, 2087), 58: (2241, 2242, 2243, 4257, 4258, 4196, 2240, 2239, 2238, 4259, 2237), 59: (3955, 3954, 3953, 3956, 1790, 3957, 3958, 1789, 1791, 1788), 60: (3519, 3520, 3521, 1761, 3522, 3523, 1758, 1759, 1760, 3524, 1773), 61: (2511, 2512, 2513, 2510, 2514, 2509, 2508), 62: (3730, 3729, 3728, 2043, 2044, 3731, 3732, 3733, 2164), 63: (1866, 1942, 1865, 1864, 4269, 4240, 1943, 4555, 4556, 4558, 4559, 4557, 1863, 1862), 64: (2661, 2660, 2662, 4379, 4378, 2659, 2658, 4184, 2663, 2664, 4377), 65: (4062, 2270, 4061, 4060, 4059, 4063, 4064, 2269, 2268, 1941), 66: (3971, 3972, 3973, 3974, 2255, 3970, 3969, 1820, 3968, 1700, 1699, 2765, 1698), 67: (3986, 3987, 3989, 3988, 3985, 3984, 2165, 3983), 68: (2167, 4256, 4633, 2168, 2169, 4631, 4632, 1852, 4255, 1851, 1850, 4466, 1849, 1848), 69: (3836, 3835, 3834, 3833, 1655, 3837, 3838, 3839, 2735, 1656), 70: (3896, 3895, 3894, 3893, 3897, 3898, 3899, 1684), 71: (1731, 1730, 1729, 1728, 1732, 1733, 4539, 4540, 4541, 4542, 4149, 4543, 4463, 4464, 4544, 1727), 72: (4089, 4090, 4091, 4088, 1626, 4092, 1624, 4093, 1625, 2016, 1776, 1627), 73: (2436, 2437, 2438, 2439, 4588, 2435, 2434, 2433, 4528, 2432), 74: (2526, 2527, 2528, 4438, 2525, 2524, 2529, 2523), 75: (2406, 2405, 2404, 2403, 2407, 4287, 4288, 2408, 2409, 2402), 76: (2571, 2572, 2570, 2569, 2568, 2573, 2574, 4483, 2575), 77: (2392, 2391, 2390, 2389, 4272, 2393, 2394, 2388, 4273), 78: (4104, 4103, 1640, 1641, 1639, 4105, 4106, 4107, 4108, 3848)}, 'chain_break_method': 'majority_vote', 'embedding_parameters': {}, 'chain_strength': 15067.017991559402}
