Config: F_1000-225.11492472364716s-1_A200
Number of source variables: 135
Number of target variables: 2628
Time Elapsed: 384.17679142951965
Best State: [0 0 0 0 0 0 1 1 0 0 0 0 0 0 0 0 0 0 0 1 0 0 1 0 0 0 0 1 0 0 0 0 0 0 0 0 0
 0 0 0 0 1 0 0 1 0 0 1 0 0 1 1 0 1 1 0 1 0 1 0 0 0 1 1 1 1 1 1 1 1 1 1 0 0
 1 1 1 1 1 1 0 1 1 1 1 1 1 1 1 1 0 1 0 1 0 1 0 1 1 1 0 1 0 1 0 1 1 1 1 0 1
 0 1 0 1 0 0 0 0 1 0 0 0 1 0 0 1 0 1 0 1 0 0 0 0]
933.0	0.08888888888888889
ChainStr/ChainLen: 225.11492472364716/31
Info: {'qpu_sampling_time': 369600.0, 'qpu_anneal_time_per_sample': 200.0, 'qpu_readout_time_per_sample': 149.06, 'qpu_access_time': 385526.77, 'qpu_access_overhead_time': 2195.23, 'qpu_programming_time': 15926.77, 'qpu_delay_time_per_sample': 20.54, 'total_post_processing_time': 12.0, 'post_processing_overhead_time': 12.0}
Embedding Info: {'embedding': {1: (260, 259, 258, 257, 261, 262, 256, 263, 264, 3780, 265, 266, 255), 0: (1025, 1026, 4023, 1024, 1023, 1027, 1028, 1029, 4025, 4024, 4022, 4021, 1022, 1021, 1020, 4020, 1030), 2: (336, 337, 338, 339, 340, 335, 334, 333, 332, 4066, 331, 330, 341, 4065), 3: (890, 891, 4204, 4203, 4202, 4201, 892, 893, 4200, 3949, 889, 3950, 894, 888, 887, 895, 886, 896, 885), 4: (875, 874, 873, 3889, 3888, 3887, 876, 3886, 877, 878, 879, 872, 871, 870, 880, 3885, 881), 5: (4148, 1536, 1537, 1538, 4151, 4642, 4641, 4640, 4639, 4638, 4637, 4636, 4149, 4150, 4147, 2241, 2240, 2239, 2238, 2237, 2236, 4635, 1686, 1685, 3672), 6: (3245, 3244, 3243, 646, 647, 648, 3248, 649, 3246, 3242, 3247, 3249, 3250, 3241, 3240, 3251, 1681, 1111), 7: (1116, 4071, 4070, 4069, 4072, 4073, 4074, 4075, 4076, 2075, 2074, 2073, 2072, 2071, 1117, 1118, 1119, 1120, 2070, 4865, 4864, 4863, 4862, 4861, 4860, 4325), 8: (3815, 3814, 3813, 3812, 3811, 3810, 1325, 3816, 3817, 3818, 3819, 664, 1324, 663, 662, 3820, 3821, 661, 1326, 1327), 9: (4809, 4808, 4807, 4804, 4806, 4805, 1899, 1898, 1897, 1896, 1895, 1894, 1893, 1892, 1891, 4803, 4802, 4801, 4800), 10: (3321, 3320, 3319, 3318, 3317, 3316, 1818, 3322, 3323, 3324, 1817, 1216, 3325, 3326, 1819, 1262, 3315, 1820, 1821, 4059), 11: (1853, 3412, 1472, 3411, 3410, 3409, 3408, 3407, 1473, 3406, 3716, 3405, 1852, 1474, 3713, 3714, 3715, 1849, 1850, 1851, 1854, 1471), 12: (1374, 1373, 1372, 1371, 1370, 3982, 3983, 3984, 4687, 4686, 4685, 4684, 4683, 4682, 4681, 4680, 1369, 1368, 1367, 1366, 4027, 1365), 13: (3638, 3648, 3651, 1984, 3650, 3649, 3647, 3652, 3653, 3639, 1353, 3640, 3641, 2029, 2028, 3646, 3645, 2027, 1985, 1986, 1987), 14: (395, 396, 397, 398, 399, 394, 393, 392, 391, 400, 401, 390, 4516, 3091, 3090, 4515), 15: (3471, 3473, 3472, 3474, 3470, 3469, 977, 3475, 3476, 3468, 3467, 3466, 3465, 976), 16: (863, 862, 861, 2988, 860, 859, 4276, 858, 4278, 857, 856, 855, 2989, 4911, 2987, 2986, 2985, 864, 865, 4429, 866, 5104, 5103, 5102, 5101, 4909, 4910, 1316, 4277), 17: (3456, 1187, 3455, 3454, 3453, 3452, 3451, 3457, 3458, 3459, 3460, 3450, 3461), 18: (923, 4952, 922, 921, 920, 919, 918, 917, 916, 915, 4231, 4234, 4233, 4232, 4950, 924, 925, 4953, 926, 4954, 4951), 19: (486, 487, 485, 484, 483, 482, 481, 480, 4306, 488, 489, 490, 491, 4621, 4620), 20: (4237, 1402, 4311, 4310, 4309, 4308, 4307, 592, 593, 4502, 4501, 4238, 4239, 4240, 1957, 1956, 1955, 1954, 1953, 4236, 1952, 4500, 1951, 1401, 3265), 21: (561, 562, 563, 564, 560, 559, 558, 557, 4067, 4667, 624, 625, 556, 555, 4487, 4486, 4485, 4488, 626), 22: (4041, 1836, 4040, 4038, 4042, 4039, 4037, 4036, 1219, 4043, 4044, 1491, 1220, 1218, 1217, 4035, 4045, 4046, 650, 1835, 4104), 23: (3593, 3585, 3591, 3588, 3590, 3589, 3587, 3586, 3592, 3594, 3595, 3596, 2193, 2194, 2195, 2196), 24: (216, 215, 214, 213, 212, 211, 210, 217, 218, 219, 220, 221, 4335, 2910, 2911, 2912, 2913, 765), 25: (231, 232, 233, 234, 235, 236, 230, 229, 228, 227, 226, 4665, 225), 26: (3755, 3756, 3757, 3758, 3759, 3754, 3753, 3752, 3751, 3750, 3760, 1414, 1413, 1412, 3761), 27: (1140, 1141, 3112, 1142, 1143, 1144, 1145, 1146, 3080, 3110, 3109, 3108, 3107, 3106, 3105, 4190, 1087, 1088, 3111, 3113, 3114, 1831, 1089, 1090, 4850, 4851, 3830, 3829), 28: (3531, 3532, 3533, 3530, 3529, 3528, 588, 3527, 3526, 3534, 3535, 3525, 3536, 3537, 587), 29: (290, 291, 292, 293, 289, 288, 287, 4440, 286, 294, 285, 295, 296, 4531), 30: (501, 502, 503, 504, 500, 505, 506, 499, 498, 497, 496, 4592, 4591, 4217, 495, 4590, 4593, 4218), 31: (1614, 4718, 1610, 4717, 4716, 4715, 4714, 4713, 4712, 4711, 1612, 4710, 1613, 1611, 1609, 1608, 1607, 1615, 1606, 3263, 1651, 1465), 32: (4824, 3789, 4770, 4825, 3791, 2064, 2063, 1795, 2062, 2061, 2060, 2059, 4779, 4778, 4777, 4776, 4775, 4774, 4773, 4772, 2058, 4771, 3790, 2209, 2208, 2207, 2206, 3788, 1684), 33: (3275, 3274, 3273, 798, 3276, 3277, 796, 797, 3278, 3272, 3271, 3270, 3281, 3279, 3280, 799, 800), 34: (1276, 3126, 3125, 3124, 1284, 1275, 3123, 3122, 3121, 1277, 1278, 1279, 1280, 1281, 3120, 1282, 1283, 1285), 35: (3875, 3874, 619, 3873, 1251, 3876, 1250, 3872, 3871, 744, 3870, 3877, 845, 3880, 846, 847, 848, 4443, 3878, 3879, 770, 769, 768, 767, 743, 4191, 1312, 1775, 1774), 36: (1103, 4385, 1101, 4384, 4383, 4382, 1104, 1105, 4445, 1102, 1100, 4381, 1099, 1098, 1097, 1096, 4400, 4380, 3890), 37: (4491, 4490, 1058, 1059, 4745, 4744, 4743, 595, 4832, 4492, 4493, 1673, 1672, 1671, 1670, 4831, 1669, 4489, 4830, 1668, 1667, 1666, 594), 38: (3336, 3335, 1563, 3334, 3333, 3332, 3337, 3338, 3331, 3330, 3339, 3340, 3341, 1427, 1562, 3342), 39: (637, 4921, 4428, 713, 714, 636, 4143, 726, 725, 724, 723, 722, 741, 715, 4923, 4922, 721, 720, 4142, 716, 4920), 40: (411, 410, 409, 408, 407, 406, 412, 413, 414, 415, 3781, 416, 405, 5056, 5055), 41: (4554, 4553, 4552, 4551, 4550, 4549, 1868, 1867, 1866, 1865, 1864, 1863, 4548, 4547, 4546, 4545, 1862, 1861, 4555, 1860, 1568, 1869, 1433, 1432), 42: (3681, 3776, 3675, 1264, 3771, 3772, 3773, 3680, 3679, 3682, 3678, 3677, 843, 3676, 3774, 3775, 842, 841), 43: (4370, 4371, 1268, 1269, 1270, 4372, 1507, 1506, 1505, 4185, 1504, 1503, 1502, 4369, 4368, 4367, 457, 4291, 622, 1267, 621, 4187, 4186, 1501, 1500, 1508, 620), 44: (3905, 1174, 1173, 1172, 1171, 1175, 1176, 1177, 1178, 1179, 3902, 3904, 3903, 3901, 1170, 3900), 45: (3216, 3215, 3217, 1291, 1292, 1081, 1293, 3218, 3214, 3213, 3212, 3211, 3210, 1186, 3219, 3220, 1294, 3221, 766, 3786, 1295), 46: (188, 189, 190, 187, 186, 185, 184, 183, 182, 181, 191, 180, 4215), 47: (3740, 3744, 3739, 3738, 3737, 3741, 3742, 3743, 3735, 3745, 3746, 3736, 453, 452, 978, 979, 980, 451, 2149, 2150, 2151), 48: (3144, 3145, 3146, 1801, 1802, 1803, 3143, 3142, 1350, 3141, 4178, 3140, 3139, 3138, 4089, 3137, 1806, 3136, 1351, 1804, 3135, 1805, 1807, 2130, 4314, 4179, 4014), 49: (907, 908, 909, 4579, 4578, 4577, 4576, 906, 905, 904, 903, 902, 4084, 4575, 901, 910, 911), 50: (784, 3783, 783, 782, 781, 3258, 3257, 3256, 3255, 785, 786, 787, 788, 789, 780, 790, 791, 3948, 3947), 51: (4110, 1310, 4116, 4115, 4114, 4113, 4117, 4112, 4111, 1311, 1309, 1308, 1307, 4118, 4119, 4120, 1306), 52: (1189, 3770, 3862, 3769, 3768, 3767, 3766, 3765, 3866, 3831, 1084, 1083, 1082, 3861, 3863, 3864, 3865, 3832, 1354, 1355, 1356), 53: (3965, 3966, 3960, 3967, 3968, 1114, 3969, 3970, 3964, 3963, 3962, 3961, 3971, 1115, 1113, 1112), 54: (440, 441, 442, 443, 444, 439, 438, 437, 436, 445, 3421, 435, 3420, 446), 55: (4462, 4463, 1732, 1731, 4460, 1730, 1729, 1728, 1727, 4461, 4459, 4458, 4457, 4456, 4455, 1726, 4464, 1733, 1734), 56: (1336, 1335, 3066, 1340, 3065, 3064, 3063, 3062, 1337, 3261, 1338, 1339, 4086, 4085, 3061, 3262, 3060, 3906, 3907, 3908, 1341, 4252, 3909, 3910, 2120, 2121), 57: (3995, 3994, 3993, 1476, 3996, 3997, 3998, 3999, 3992, 3991, 3990, 1235, 1234, 1233, 1232, 4000, 4001, 1231, 1477, 1478), 58: (3232, 3231, 3230, 3229, 3228, 1532, 3227, 3226, 1531, 1533, 1534, 3893, 3894, 3895, 3896, 1535, 4087, 1566, 3225, 1567), 59: (3696, 3697, 3690, 125, 3698, 3699, 3695, 3694, 3693, 3692, 129, 3691, 124, 1323, 126, 127, 128, 1564, 1129, 1128, 3700, 2181, 3701, 2179, 2180, 2182, 2183, 1130, 1579), 60: (530, 529, 3707, 3706, 531, 532, 528, 527, 526, 533, 534, 525, 535, 536, 3705), 61: (1072, 1070, 1073, 4415, 4235, 4414, 4413, 4412, 4411, 4410, 1071, 1074, 2975, 1075, 1069, 1068, 1067, 1066, 1065), 62: (305, 304, 303, 302, 306, 307, 308, 309, 310, 311, 301, 4305, 300, 2971, 2972, 2973, 735), 63: (1823, 3158, 1530, 1744, 3157, 3159, 3160, 3153, 3156, 3155, 1741, 1742, 1743, 1745, 3154, 3152, 3161, 3151, 3150, 1746, 4209, 1822, 1824, 4614, 1825), 64: (4068, 635, 666, 638, 4082, 667, 668, 634, 633, 4081, 4080, 632, 631, 639, 630, 4518, 640, 641, 4519), 65: (3517, 3516, 1428, 1429, 3515, 3518, 3519, 3514, 3513, 3512, 1322, 3520, 3511, 3510, 3521, 3522, 1321), 66: (470, 469, 3782, 471, 472, 4441, 468, 467, 466, 465, 473, 474, 4471, 4470, 475, 476), 67: (1238, 4939, 1237, 4938, 1236, 1546, 4101, 4102, 1240, 1550, 1549, 1548, 775, 1547, 1239, 4941, 4940, 4937, 956, 4936, 4145, 4476, 970, 4536, 4535, 1545, 4935, 4146, 776, 4144, 4475), 68: (320, 321, 322, 323, 319, 4290, 324, 318, 317, 316, 325, 326, 315), 69: (245, 246, 244, 243, 242, 241, 247, 248, 249, 250, 240, 251, 4530), 70: (965, 966, 967, 968, 969, 4099, 4098, 4096, 4097, 4095, 964, 963, 962, 961, 960, 4100, 1221), 71: (1554, 1553, 1552, 4328, 1627, 1626, 1625, 1624, 1623, 1622, 4598, 4597, 4596, 4595, 1657, 1656, 1655, 1654, 4594, 1044, 1045, 1046, 4984, 4983, 4982, 4981, 4980, 1621), 72: (938, 937, 936, 3712, 4474, 935, 4848, 934, 933, 4472, 932, 931, 4847, 4473, 939, 940, 4849, 4846, 4845, 3710, 3711), 73: (758, 759, 760, 757, 756, 755, 754, 4293, 753, 761, 5028, 5027, 5026, 4292, 752, 751, 750, 5025), 74: (3352, 3353, 3351, 3350, 2117, 3354, 3355, 1487, 3356, 3349, 3348, 3347, 3346, 1772, 2118, 1652, 3345, 1771, 122, 123, 1653, 2119, 3357), 75: (4421, 4420, 4419, 4418, 4417, 4416, 1133, 1134, 1135, 1136, 5045, 5044, 5043, 5042, 5041, 1387, 5040, 2047, 2046, 2045, 2044, 2043, 4505, 4504, 4503, 2042, 2041, 2040, 1388), 76: (4582, 1314, 5000, 4612, 4611, 1315, 4866, 2131, 1195, 4995, 2138, 4999, 4998, 4610, 4997, 4996, 4583, 4584, 4585, 4586, 2137, 2136, 2135, 2134, 2133, 3851, 2132, 1313, 2030, 1403, 4121), 77: (575, 576, 577, 578, 579, 574, 573, 572, 571, 580, 581, 3827, 3826, 3825, 570), 78: (3308, 3306, 3307, 3305, 3304, 1576, 3303, 3309, 3310, 106, 3311, 3301, 3302, 3300, 1696, 1697, 1698, 3312, 1695, 107, 108, 109, 110, 1699), 79: (3575, 3577, 3574, 3573, 3572, 3571, 3570, 3576, 3578, 3579, 1848, 3580, 3581, 1847), 80: (3726, 1188, 3725, 3724, 3723, 3729, 3722, 3727, 3728, 3730, 3721, 3720, 1969, 1968, 1967, 3731, 1966), 81: (3545, 3546, 3547, 3548, 3544, 3543, 3542, 3541, 3549, 3550, 3551, 3540, 1352), 82: (4891, 517, 460, 4397, 4396, 516, 515, 514, 596, 513, 512, 518, 4532, 4533, 458, 511, 459, 510, 774, 4892, 4890), 83: (3202, 3203, 3201, 3198, 3200, 3199, 3197, 3849, 3196, 1713, 3188, 3195, 1710, 3189, 2297, 3190, 3191, 1711, 1490, 1712, 2296, 2298, 1714, 1426, 1816, 3234, 3848, 1715, 1716), 84: (711, 710, 709, 712, 4323, 4324, 4322, 4321, 4320, 708, 707, 706, 705, 652, 653, 654, 655, 656), 85: (3606, 3607, 3608, 3609, 3605, 3604, 3603, 3602, 3601, 3600, 3610, 1263, 3611), 86: (3172, 3173, 3174, 1756, 1757, 1890, 1761, 3171, 3170, 3169, 3168, 3167, 1758, 1759, 3166, 3233, 3175, 3176, 3165, 1760, 4029, 1762, 1763), 87: (1039, 4175, 1041, 1040, 1038, 4172, 4176, 1297, 1298, 1037, 1036, 4174, 1299, 4671, 1344, 4173, 4171, 4170, 3260, 1126, 4672), 88: (3395, 3394, 3393, 3396, 3392, 3397, 3398, 3399, 3400, 3391, 3390, 617, 618, 3401), 89: (4224, 4223, 1492, 1493, 1494, 1495, 4880, 4882, 4881, 4879, 4878, 4877, 4876, 1776, 4225, 1941, 1940, 1939, 4222, 4221, 805, 4226, 2167, 2166, 2165, 2164, 2163, 2162, 4875, 2161), 90: (156, 157, 4230, 155, 158, 159, 4365, 160, 161, 154, 153, 152, 151, 150, 4366), 91: (170, 171, 172, 169, 168, 167, 166, 165, 4395, 173, 174, 175, 3015, 176, 3016, 3017, 3018, 3019, 840), 92: (1524, 1523, 4697, 1522, 1521, 1520, 4699, 4028, 4702, 4701, 1519, 1518, 1517, 1516, 4700, 4698, 4696, 4695, 1515, 3082, 3081, 1185, 3050), 93: (680, 681, 4127, 4126, 679, 678, 677, 676, 4125, 4188, 682, 683, 684, 685, 686, 675, 4189), 94: (425, 426, 427, 428, 429, 3976, 3975, 424, 3977, 423, 422, 421, 420, 430, 431, 3978, 3979), 95: (3486, 3483, 3487, 3484, 3488, 3489, 3490, 3491, 3485, 3482, 3481, 3492, 3480, 1937), 96: (3365, 3366, 3364, 3367, 3363, 1247, 3368, 3369, 3370, 3362, 3361, 3360, 1248, 1127, 3371), 97: (3636, 3637, 1489, 3683, 3684, 3685, 3635, 3634, 3633, 3632, 3631, 1488, 3686, 3630, 3687), 98: (4350, 4358, 4357, 4356, 4355, 4354, 4353, 4352, 1637, 4351, 1582, 1581, 4058, 1641, 1463, 1580, 4360, 1640, 1639, 4359, 1638, 1636), 99: (4764, 4763, 4762, 1792, 4761, 4760, 4759, 4758, 1689, 1794, 1793, 1791, 1786, 1790, 1789, 1788, 4757, 3654, 4756, 4755, 1787, 3834), 100: (201, 202, 203, 204, 205, 206, 200, 199, 198, 197, 196, 195), 101: (381, 380, 379, 378, 4815, 377, 376, 382, 383, 384, 385, 4336, 386, 4216, 375, 4816), 102: (3424, 3425, 3426, 3427, 3428, 3423, 3180, 737, 736, 3093, 3092, 1682, 3183, 1683, 3429, 3430, 3182, 3181, 3431), 103: (4007, 1160, 1161, 1192, 1162, 1191, 1159, 1158, 1193, 4010, 4009, 4008, 4006, 1157, 1156, 4005, 4130, 1194, 1155), 104: (4055, 4056, 4057, 995, 994, 1207, 993, 992, 4054, 4053, 4052, 4051, 1086, 4050, 991, 990, 1206, 1208, 1209, 1210), 105: (3099, 2011, 3098, 1575, 1125, 3037, 3036, 3035, 3034, 3033, 3032, 900, 3031, 2015, 3030, 2014, 2017, 3100, 2012, 2013, 3655, 2016, 1846, 3881, 1605, 1095, 930, 1590, 3264), 106: (275, 276, 277, 278, 274, 273, 272, 271, 270, 4275, 279, 280, 281), 107: (3935, 3934, 3933, 1386, 3932, 3931, 3930, 1201, 3936, 4013, 1385, 4192, 4012, 1205, 1204, 1203, 1202, 1200, 1190, 3937, 3938, 3939, 3940), 108: (546, 547, 548, 549, 4426, 550, 545, 544, 543, 4427, 4425, 542, 541, 551, 540), 109: (4560, 1809, 4569, 4568, 4567, 4566, 4565, 4564, 1879, 4563, 4562, 4561, 4629, 1644, 4283, 1643, 1642, 4284, 1881, 1880, 1878, 1877, 1876, 1808, 1875, 1479, 1810), 110: (4267, 4282, 4281, 4280, 4279, 4268, 4269, 1911, 1910, 1909, 1908, 4270, 4271, 1417, 1418, 1419, 1420, 1421, 4972, 4971, 4970, 4969, 4968, 4967, 4966, 1907, 4965, 1447, 1446, 1906), 111: (3292, 3293, 3289, 3294, 3290, 3295, 3291, 1832, 3288, 3287, 3286, 3285, 3296, 1833, 1834), 112: (3666, 3662, 3667, 3668, 3669, 3670, 3665, 3664, 3663, 3671, 739, 3661, 738, 3660, 740), 113: (1007, 1006, 1005, 3049, 3048, 4740, 3045, 3047, 3046, 3095, 1008, 1009, 1010, 1011, 1012, 1013, 1014, 4819, 4818, 4742, 4817, 565, 4741), 114: (3501, 3503, 3500, 3499, 3502, 3498, 3504, 3505, 3506, 3507, 3497, 3496, 3495, 2057, 2056), 115: (947, 948, 3184, 3078, 946, 945, 949, 3079, 3077, 950, 951, 952, 953, 3076, 954, 955, 3075, 3094), 116: (3846, 3845, 3844, 844, 3955, 3843, 3842, 1265, 1445, 3847, 3952, 1384, 1383, 1382, 3841, 3953, 3954, 1381, 3840, 1266), 117: (695, 694, 693, 692, 691, 3858, 3857, 3856, 696, 697, 4398, 728, 4399, 729, 730, 745, 746, 3855, 690), 118: (3560, 3559, 3558, 1938, 3555, 3557, 3556, 3561, 3562, 3563, 3564, 3565, 3566), 119: (351, 350, 352, 353, 349, 348, 4141, 4140, 347, 354, 355, 356, 346, 345), 120: (831, 830, 829, 828, 4249, 4248, 4247, 4246, 827, 826, 832, 833, 825, 4245, 834, 835), 121: (3920, 3919, 3918, 3917, 3916, 3921, 3915, 1085, 3922, 3923, 3924, 3925, 1400, 1399, 1398, 3926, 1397, 1396, 2210, 2211), 122: (3805, 3800, 3801, 3802, 3803, 3799, 3804, 3798, 3797, 3796, 3795, 1444, 1443, 1442, 3806, 1441), 123: (606, 607, 608, 609, 605, 604, 603, 602, 610, 601, 600, 611, 4652, 4651, 4650, 4337), 124: (3621, 1983, 3620, 3619, 3618, 3617, 3616, 3622, 3615, 3623, 3624, 3625, 3626), 125: (4219, 4220, 801, 802, 803, 4609, 4608, 4607, 1053, 4606, 1056, 1055, 1054, 1052, 1051, 1050, 4605, 981, 849, 982, 1057, 850, 804), 126: (4161, 4162, 1461, 1460, 1459, 3787, 4163, 1458, 4155, 4156, 1457, 4160, 4159, 4158, 4157, 4164, 4165, 1456, 2031, 4031, 4030), 127: (1147, 4401, 4402, 4403, 4670, 1597, 1596, 4339, 5010, 1595, 1594, 1148, 1149, 1150, 1151, 5015, 4340, 5014, 5013, 5012, 4668, 5011, 1593, 1592, 1591, 4669, 3833), 128: (3381, 3382, 1577, 3380, 3383, 3384, 3385, 3386, 3379, 3378, 3377, 3376, 3375, 1578), 129: (4206, 4623, 4207, 1431, 4132, 4133, 1430, 4134, 4135, 2001, 2000, 1999, 1998, 4205, 996, 997, 998, 4624, 699, 700, 4908, 4907, 4906, 1997, 4622, 4905, 1982, 1981, 3892), 130: (815, 816, 817, 818, 814, 813, 4262, 812, 4263, 4261, 819, 4260, 811, 810, 820), 131: (366, 367, 3946, 365, 364, 363, 362, 361, 368, 369, 370, 371, 3945, 360), 132: (3441, 3446, 3442, 2088, 3443, 3444, 3445, 3440, 3439, 3438, 3437, 3436, 2147, 3435, 2087, 2089, 2090, 2091, 2092), 133: (1704, 1703, 1702, 4298, 4299, 4300, 3836, 4658, 2106, 4657, 4728, 4656, 4655, 4654, 4653, 1701, 2107, 2105, 2104, 2103, 984, 4729, 4727, 4726, 4725, 2102, 2101, 4193), 134: (4795, 4788, 4794, 1930, 1929, 1928, 1927, 4789, 1926, 1925, 1924, 1923, 4793, 4792, 4791, 4790, 1922, 4787, 4786, 1921, 4785, 3835)}, 'chain_break_method': 'majority_vote', 'embedding_parameters': {}, 'chain_strength': 225.11492472364716}
