Config: F_1000-430.59769635495576s11_A400
Number of source variables: 113
Number of target variables: 1629
Time Elapsed: 320.8353247642517
Best State: [0 0 0 0 0 0 0 0 0 0 0 0 0 0 0 0 0 0 0 0 1 0 1 1 0 0 0 0 0 0 0 0 0 1 1 0 0
 0 0 0 0 0 0 0 0 0 0 0 0 0 0 0 0 0 0 0 0 0 0 0 0 0 0 1 0 0 1 0 1 0 0 0 0 1
 0 0 0 0 0 1 0 1 1 1 1 1 1 1 1 0 0 0 0 1 1 1 0 0 0 0 0 0 0 1 0 1 0 1 1 0 1
 0 1]
144.0	0.061946902654867256
ChainStr/ChainLen: 430.59769635495576/21
Info: {'qpu_sampling_time': 391140.0, 'qpu_anneal_time_per_sample': 200.0, 'qpu_readout_time_per_sample': 170.56, 'qpu_access_time': 406901.57, 'qpu_access_overhead_time': 6928.43, 'qpu_programming_time': 15761.57, 'qpu_delay_time_per_sample': 20.58, 'total_post_processing_time': 56.0, 'post_processing_overhead_time': 56.0}
Embedding Info: {'embedding': {1: (5044, 5047, 1511, 5046, 1481, 1482, 5045, 1483, 1484, 1480, 1479, 5043, 5042), 0: (1000, 999, 4669, 4668, 1001, 998, 997, 1002, 1003, 996, 995, 1004), 2: (4219, 1373, 1374, 1375, 1376, 1377, 1372, 1371, 4222, 4221, 4220, 4116, 1378, 1379, 772, 5632), 3: (4823, 4822, 1615, 1616, 1539, 1617, 1618, 4818, 4821, 4820, 4819, 4817, 1619, 4824), 4: (5093, 5092, 5091, 5095, 5090, 5089, 1586, 5094, 2037, 2038, 2039, 5088, 5087, 2022, 1556, 791), 5: (1603, 4883, 4884, 1600, 1601, 1602, 1604, 4882, 4881, 4880, 4879, 4878, 4877), 6: (674, 4338, 667, 668, 669, 670, 671, 672, 4339, 4340, 673, 4341, 666, 832, 833, 787, 4938, 4342), 7: (1090, 1089, 1088, 1087, 1091, 1092, 1093, 4505, 1094, 1086, 5105, 5104, 5103, 1085), 8: (4748, 4749, 1719, 535, 1720, 1721, 1722, 1723, 1724, 4747, 4746, 4745, 4744, 534, 4743, 4742, 533), 9: (4689, 4688, 4687, 4686, 4685, 4684, 1794, 1795, 1796, 1797, 1614, 4683, 1798, 1799, 909, 4682), 10: (623, 4578, 4579, 624, 625, 626, 622, 4580, 628, 4292, 627, 4581, 629, 4582, 1449, 4672), 11: (5375, 5374, 5373, 5376, 5377, 5378, 5379, 1558, 5380, 5372, 1993, 5371, 1992, 1991), 12: (5151, 5150, 5152, 1422, 1423, 1424, 5153, 5154, 5155, 5149, 1062, 5148, 5147, 1421), 13: (4912, 4913, 1661, 1662, 1663, 1664, 1420, 4914, 4911, 4910, 4909, 4908, 4907), 14: (821, 822, 823, 820, 819, 818, 817, 4504, 816, 815, 824), 15: (5452, 5451, 5453, 5454, 5455, 5450, 5449, 5448, 5447, 5456, 478, 5446), 16: (5242, 5241, 5240, 5239, 5238, 5237, 1452, 5198, 1512, 5197, 5199, 1513, 1451), 17: (5271, 5272, 5275, 5270, 5269, 5268, 5273, 1634, 5274, 1633, 5267, 1767), 18: (4863, 4868, 760, 4866, 4862, 610, 611, 612, 4864, 4865, 759, 4867, 5057, 461, 462, 463, 1585, 464, 5566), 19: (1389, 1390, 1391, 1392, 4293, 1393, 1394, 1388, 1387, 4296, 4295, 4294), 20: (5361, 5360, 5359, 5358, 1769, 5362, 5363, 1768, 5357, 5364, 5365, 913, 5356), 21: (638, 637, 4370, 639, 640, 641, 1508, 4368, 642, 4369, 4371, 4372, 1507, 643, 644), 22: (4614, 1779, 1780, 1781, 1782, 1783, 1784, 4613, 4610, 4612, 4611, 4609, 4608), 23: (1269, 1268, 1270, 1271, 1272, 1273, 4175, 4173, 1274, 1267, 4176, 4174), 24: (895, 894, 893, 892, 891, 890, 896, 897, 898, 899), 25: (1224, 1223, 4310, 1222, 1221, 1220, 1225, 1226, 1227, 1228, 1229, 4085, 4084, 4083), 26: (1239, 1240, 1238, 1237, 1241, 4251, 4250, 1242, 4249, 1243, 1244, 4671), 27: (1403, 1404, 1405, 4353, 1406, 1407, 1402, 1408, 4357, 4356, 1409, 4355, 4354, 4352), 28: (1149, 1150, 1151, 1152, 1153, 1148, 1147, 1146, 1154, 5691, 5690, 5615, 4130, 4129, 1145, 5614), 29: (1629, 4643, 4642, 4641, 788, 4640, 4639, 4638, 1630, 1631, 1632, 5048, 1691, 1692, 1693, 1694), 30: (5227, 5226, 1647, 5230, 5225, 5224, 5223, 5228, 5229, 5222, 792, 793), 31: (5017, 1259, 1258, 1257, 1256, 1255, 5661, 5660, 5659, 5584, 5658, 5616, 1254, 5586, 5585, 5587, 5016, 1253), 32: (5571, 5572, 5573, 1649, 1648, 5570, 5569, 5574, 5568, 5567, 5575, 1904, 1514), 33: (4704, 4703, 4702, 4701, 4700, 4699, 4698, 1884, 1854, 1855, 1856, 1857, 1858, 1859, 834), 34: (1075, 4940, 1076, 1077, 1078, 1079, 1074, 1073, 1072, 5630, 5631, 4939, 4490, 1071), 35: (654, 653, 4503, 655, 656, 657, 658, 4487, 659, 758, 4384, 4385, 652, 4386, 757), 36: (1359, 1056, 4160, 1057, 1055, 3965, 1363, 3964, 3875, 4161, 4162, 1356, 1357, 1358, 1360, 1361, 1362, 1364), 37: (5471, 5465, 5466, 5467, 5468, 5469, 5464, 5463, 5462, 764, 5470), 38: (5331, 5332, 5330, 5329, 5333, 5334, 5335, 5336, 5328, 5327, 1063, 1064), 39: (715, 716, 717, 5193, 714, 713, 712, 711, 718, 719, 5194, 5195, 5196), 40: (4942, 1121, 4941, 1120, 5060, 5059, 1122, 1123, 5058, 1119, 1118, 1124, 1117), 41: (5347, 5348, 1557, 5349, 5346, 2097, 5350, 2098, 5345, 5344, 5343, 5342, 1828, 5341, 2096, 5096, 2095, 4840, 2050), 42: (4281, 4548, 4547, 579, 580, 517, 581, 582, 583, 584, 4278, 578, 518, 614, 4277, 4279, 4280, 742, 5582, 4697), 43: (5501, 448, 5496, 5495, 5494, 5493, 5492, 5500, 5497, 5498, 5499, 447, 446, 494), 44: (939, 940, 4549, 941, 942, 943, 944, 938, 937, 936, 935), 45: (4999, 4998, 1211, 4997, 911, 5000, 5001, 776, 777, 778, 779, 910, 5002, 5003, 5004, 5005), 46: (1343, 1344, 1345, 1346, 4323, 1347, 1348, 1349, 1868, 4325, 1342, 4491, 4506, 4326, 4324, 4492, 4493, 4494, 4322), 47: (5526, 5525, 5524, 5530, 5523, 5527, 5528, 5529, 5522, 5521), 48: (1314, 1313, 1312, 4191, 4190, 1315, 1316, 1317, 1318, 4189, 4188, 1319), 49: (5422, 5423, 1678, 1677, 5109, 5110, 5107, 5421, 5420, 5419, 5418, 1679, 5417, 5108), 50: (3994, 954, 953, 952, 951, 955, 956, 957, 958, 959, 950), 51: (1463, 1462, 1464, 1465, 592, 1466, 4237, 4236, 1467, 4235, 4233, 4417, 4234, 1468, 1469), 52: (4522, 4521, 1105, 1106, 1107, 1108, 1104, 1103, 1109, 4523, 1102, 1101, 4670, 4520, 4519, 4518), 53: (4788, 4787, 520, 4792, 4789, 521, 522, 775, 774, 523, 524, 4790, 4791, 773), 54: (1960, 4776, 1961, 1962, 1963, 1964, 5650, 5649, 5648, 4778, 5647, 5646, 5645, 5644, 5643, 4780, 4779, 4777, 4775, 1450, 1509), 55: (536, 5102, 4984, 4982, 4983, 4985, 4986, 4987, 4989, 537, 538, 4988, 4990, 539, 1061), 56: (864, 863, 865, 866, 862, 867, 4488, 4069, 868, 869, 861, 906, 860), 57: (730, 731, 732, 4263, 729, 728, 727, 733, 4264, 734, 4265, 5583, 794, 4266, 4267), 58: (803, 804, 805, 806, 807, 808, 802, 801, 800, 4039, 4040, 4041, 809, 4042, 1296, 1461), 59: (4206, 1284, 4204, 1285, 1286, 1287, 1283, 1282, 4416, 1288, 4205, 1289, 4203, 1236), 60: (5122, 5120, 5125, 5119, 5117, 5118, 597, 598, 5121, 5123, 5124, 599), 61: (4898, 4897, 4896, 1841, 4895, 4899, 1977, 4900, 4894, 4893, 1842, 1975, 1976, 1978, 1979, 1676, 4892), 62: (4597, 1688, 1689, 1704, 1705, 1706, 1707, 1708, 1709, 4599, 4595, 4598, 4596, 4594, 4593, 1809), 63: (1329, 1330, 1331, 1328, 1327, 4146, 1326, 4145, 4387, 4144, 1332, 1333, 1334, 5662, 4143), 64: (1826, 5049, 5050, 2051, 2052, 2053, 2054, 1825, 4794, 4793, 4974, 1827, 4973, 4972, 4971, 4970, 4969, 4967, 4968), 65: (925, 924, 923, 922, 926, 927, 928, 929, 4774, 921, 920), 66: (4652, 564, 565, 566, 567, 568, 569, 593, 4653, 4654, 4655, 594, 4656, 4657, 1584), 67: (4764, 4763, 1885, 4762, 4761, 4760, 4759, 1810, 4839, 1886, 1887, 1888, 4757, 4758, 1900, 1889), 68: (4852, 4414, 4851, 4850, 1060, 1059, 1058, 4415, 1813, 1510, 4943, 4944, 1811, 1812, 4853, 1814, 4413), 69: (1178, 1179, 1180, 1181, 1177, 1176, 1175, 3950, 3949, 3948, 1182, 1183, 1184), 70: (5604, 5605, 1949, 1948, 5603, 5602, 5601, 5600, 1994, 5599, 5598, 1947, 1946, 5597), 71: (1015, 1016, 5014, 1018, 5015, 1019, 1017, 1014, 1013, 1012, 1011, 5013), 72: (969, 970, 971, 968, 4159, 967, 966, 972, 973, 974, 965, 5675, 5674), 73: (1555, 4837, 1570, 1571, 1572, 1573, 1540, 4836, 4835, 4834, 4833, 4832, 4838, 1554, 1574, 5063, 5064), 74: (4728, 745, 746, 747, 4733, 748, 4729, 4730, 4732, 4731, 4727, 749, 1209, 1599, 4673, 1734), 75: (5285, 5291, 5286, 5287, 5290, 5284, 431, 5283, 5282, 432, 418, 419, 5288, 5289, 5071, 430), 76: (4009, 1134, 1133, 1132, 1131, 4010, 1135, 1136, 1137, 1138, 1139, 3995, 4071, 4070), 77: (850, 849, 848, 847, 846, 845, 4054, 851, 852, 853, 854, 4113), 78: (1765, 4808, 4807, 1917, 4806, 4805, 4804, 4803, 1764, 4869, 4870, 1915, 1916, 1918, 1735, 4802, 1919), 79: (984, 983, 982, 985, 986, 987, 988, 989, 981, 4309, 980, 4308), 80: (5211, 5212, 1542, 1543, 5210, 5213, 5214, 5209, 5215, 5208, 5207, 1544), 81: (5077, 5078, 5076, 5080, 5075, 5074, 5073, 2067, 5079, 2066, 2068, 5072, 912, 2065, 4855, 4854, 491, 5026, 2069, 5025), 82: (837, 4960, 4954, 835, 836, 4953, 4955, 4956, 4952, 4957, 838, 4959, 4958, 839), 83: (1766, 1644, 1933, 1643, 4403, 4400, 4402, 5018, 4401, 1931, 1645, 1646, 5019, 1932, 4583, 1934, 4399, 4398, 607, 608), 84: (1299, 1300, 1301, 1302, 1303, 1304, 4551, 4446, 1208, 4445, 4444, 1298, 1297, 4443), 85: (1434, 1435, 1436, 1437, 1438, 1439, 1433, 4432, 4431, 4430, 5062, 1432, 4429, 4428, 4433, 1628), 86: (4533, 1538, 683, 684, 685, 686, 687, 4534, 4537, 4535, 4536, 1537, 682, 688, 689, 1418, 4447), 87: (4928, 4929, 4930, 2006, 5020, 4927, 4926, 4925, 4924, 4923, 2007, 2008, 2009, 596, 595, 5170), 88: (5436, 5437, 5438, 5439, 5440, 5435, 5434, 5433, 5432, 5431, 914, 5441), 89: (880, 881, 882, 883, 884, 879, 878, 877, 876, 875, 3874), 90: (5541, 5540, 5539, 5538, 5537, 5542, 5543, 5544, 5545, 5536), 91: (1164, 1165, 1163, 1162, 1166, 1167, 4023, 1168, 1169, 1161, 1160, 3935, 650, 3934, 3933, 695, 651), 92: (1494, 1495, 1496, 1497, 1498, 4552, 1493, 4462, 4461, 4460, 1499, 4459, 4458, 4457), 93: (5405, 5404, 5403, 5408, 5402, 613, 5406, 493, 492, 5407, 5409, 5410), 94: (4625, 1749, 4628, 4627, 4626, 1752, 4624, 4623, 1750, 1751, 1753, 1754, 1553, 4538, 4622), 95: (5486, 5481, 5482, 5484, 5483, 5479, 5485, 1844, 1588, 5480, 5478, 2158, 2157, 5477), 96: (698, 699, 700, 701, 702, 703, 704, 697, 696, 4158, 4098, 4099, 4100, 4218, 1116, 4248), 97: (5511, 5515, 5512, 5513, 5514, 1829, 5510, 251, 5509, 5508, 5507, 5506, 253, 252, 5516), 98: (5317, 5316, 5318, 5315, 5320, 5314, 5313, 1453, 5319, 5321, 5312, 1454), 99: (5167, 5168, 1736, 5166, 5165, 5164, 5163, 1737, 1738, 1739, 5169, 5162), 100: (553, 4713, 4714, 4720, 4715, 1660, 4712, 609, 550, 551, 552, 4716, 554, 4717, 4718, 4719, 2005, 4825), 101: (1045, 1046, 1047, 1048, 1044, 1043, 1042, 1041, 1049, 4849, 4848, 1040), 102: (4734, 1869, 4659, 1824, 1873, 4569, 1871, 4568, 4567, 4566, 4565, 4564, 1870, 1872, 4563, 1874), 103: (5254, 5257, 5256, 5260, 1843, 5255, 5252, 5258, 5259, 2023, 2024, 5253), 104: (5391, 5390, 5389, 5394, 5392, 5393, 5395, 2083, 5388, 5387, 2081, 2082, 5386, 2080, 4901), 105: (1589, 5557, 5556, 5555, 5554, 5553, 5552, 5588, 5551, 509, 508, 5589, 5590, 507, 506, 5011, 5012, 1559, 505, 504), 106: (1029, 1028, 1030, 1031, 4550, 1032, 1033, 1027, 4489, 1034, 1026, 4055, 1025, 908), 107: (1194, 1193, 1195, 1196, 1197, 1192, 1191, 4115, 4114, 1198, 1190, 1199, 3981, 3980, 3979), 108: (5181, 5180, 1212, 1213, 5183, 5182, 5184, 1214, 5179, 5178, 5177, 5185), 109: (5033, 5032, 5034, 5035, 1901, 1902, 1903, 5031, 5030, 5027, 5029, 5028, 1541), 110: (5306, 5305, 5302, 5299, 5303, 5304, 5300, 5301, 5298, 5297, 403, 404), 111: (5138, 5139, 5140, 5134, 1587, 5137, 5136, 5141, 5135, 5133, 5132, 2112, 2113, 2114), 112: (1524, 4475, 1525, 4476, 1526, 1527, 1523, 4477, 4474, 4473, 1528, 1529, 4472, 5617)}, 'chain_break_method': 'majority_vote', 'embedding_parameters': {}, 'chain_strength': 430.59769635495576}
