Config: F_1000-12380.777581271826s-1_A200
Number of source variables: 117
Number of target variables: 1926
Time Elapsed: 142.3898479938507
Best State: [1 1 0 1 0 0 0 0 1 0 0 0 0 0 0 0 0 0 0 0 0 0 0 0 0 0 0 1 0 0 0 0 1 0 0 0 0
 0 0 1 0 0 1 1 1 1 1 1 1 0 0 1 0 0 0 0 0 0 1 1 1 0 0 0 1 0 1 1 1 0 0 0 0 1
 1 1 1 0 1 0 0 0 1 1 0 1 0 1 1 1 0 1 1 1 0 1 0 1 1 1 1 0 0 0 1 1 0 0 1 0 0
 1 1 1 0 1 1]
56188.0	0.08547008547008547
ChainStr/ChainLen: 12380.777581271826/31
Info: {'qpu_sampling_time': 378720.0, 'qpu_anneal_time_per_sample': 200.0, 'qpu_readout_time_per_sample': 158.18, 'qpu_access_time': 394650.37, 'qpu_access_overhead_time': 1807.63, 'qpu_programming_time': 15930.37, 'qpu_delay_time_per_sample': 20.54, 'total_post_processing_time': 62.0, 'post_processing_overhead_time': 62.0}
Embedding Info: {'embedding': {1: (3518, 3516, 3517, 3515, 1113, 1112, 1111, 3519, 3520, 3521, 3522, 3523, 3524, 1110, 2057), 0: (3369, 3368, 3364, 3367, 3370, 3371, 3372, 3373, 3374, 2056, 2055, 3366, 3365, 1757, 1758), 2: (4029, 4030, 1743, 4031, 4032, 4033, 4028, 4026, 4027, 4025, 1745, 1744, 1730, 4034, 1742, 1741, 1740), 3: (3952, 3951, 1235, 3954, 3891, 3890, 979, 978, 977, 976, 2390, 1265, 1264, 1263, 3956, 3953, 3955, 3957, 3958, 3959, 1262, 3411, 3410, 3409, 975, 2030), 4: (3654, 3653, 3655, 3656, 3657, 3658, 3659, 3652, 3651, 1218, 1217, 1216, 1215, 3321, 1219, 1953), 5: (2540, 2541, 2542, 2543, 2544, 2545, 2539, 2538, 3598, 3599, 2537, 2536, 2535), 6: (1731, 4133, 1626, 1625, 1621, 1732, 4616, 1733, 1624, 1623, 1622, 4283, 4614, 4615, 4617, 4618, 4619, 1620, 1929, 2258, 2257), 7: (4389, 1671, 1823, 1673, 1672, 1670, 1669, 1668, 1667, 4827, 4390, 4391, 2183, 2184, 2185, 4826, 4828, 1665, 4829, 4392, 2784, 1666, 4313, 2500, 2515), 8: (3759, 3758, 3757, 3756, 1729, 1728, 3764, 1727, 1726, 1725, 3760, 3761, 3762, 3763), 9: (3983, 3982, 1700, 1699, 1698, 1697, 3984, 1696, 3985, 3986, 3987, 1695, 3988, 3989, 3981), 10: (3083, 3082, 3081, 3084, 1185, 3085, 3089, 3086, 3087, 1515, 1186, 3088, 3276, 1187, 3080), 11: (4165, 1959, 4645, 2048, 4600, 1898, 1897, 1127, 1896, 4675, 4676, 4677, 1894, 4678, 1128, 1895, 1893, 3594, 3591, 3593, 3592, 3590, 1126, 3275, 4679, 4586), 12: (2197, 2198, 4511, 2199, 4512, 2196, 2195, 2194, 2193, 2192, 2273, 4558, 4559, 4557, 2191, 2190), 13: (3309, 3310, 3311, 3312, 3313, 3308, 3306, 3307, 3314, 3305, 1036, 1035), 14: (3474, 3475, 3472, 3473, 3471, 1412, 1411, 3470, 3476, 3477, 3478, 3479, 2042, 2028, 3202), 15: (2118, 2117, 2116, 3266, 3267, 3269, 3268, 2119, 2120, 2121, 2122, 2123, 2124, 2115), 16: (2314, 3972, 2315, 2316, 2317, 2318, 2313, 4449, 2312, 2311, 2319, 4722, 2310, 4723, 4724, 4451, 4448, 2320, 4452, 4450, 4447), 17: (3968, 3967, 1460, 4047, 1459, 1458, 3969, 3970, 4048, 3971, 1457, 2225, 4049, 1456, 1455, 1685), 18: (2345, 2346, 2347, 2348, 2349, 2344, 1851, 2343, 2342, 2341, 2340, 3807, 3808, 2350, 4407, 4405, 3809, 4406, 1853, 1852, 1850), 19: (1837, 1838, 1836, 1835, 1834, 1839, 4704, 4705, 4706, 4707, 1833, 1832, 1831, 4708, 4709, 1830, 4194), 20: (2211, 2212, 2213, 2214, 4844, 2250, 2215, 4663, 4691, 2210, 4843, 2209, 2208, 3687, 2253, 2252, 2251, 4661, 4662, 4841, 4842, 3432), 21: (3249, 3250, 3251, 3252, 3253, 3254, 3248, 3247, 3246, 3245, 3244, 1756), 22: (2705, 2704, 2703, 2702, 2701, 2706, 2707, 2708, 4409, 2709, 2710, 2700, 4289, 4288), 23: (2555, 2554, 2556, 2557, 2558, 2559, 2553, 2552, 2551, 2550, 2560, 3028, 3329), 24: (2000, 1999, 1998, 4528, 2100, 1997, 3415, 2001, 2002, 2102, 2101, 2003, 4525, 4529, 4526, 4527, 2004, 2333), 25: (3938, 3937, 3936, 3939, 3940, 3941, 3942, 3943, 1430, 1429, 1428, 3944, 1427, 1426, 1425, 1340), 26: (2074, 2073, 2075, 2076, 4196, 4197, 4199, 4198, 4285, 4166, 2077, 2072, 2207, 3431, 2206, 2205, 4284, 1822, 2078), 27: (4013, 4014, 4015, 4019, 4016, 4017, 4018, 1399, 4012, 1400, 1398, 2090, 1397, 1396, 1395, 2089), 28: (4118, 4119, 4120, 4121, 4122, 4123, 4124, 1656, 1655, 4117, 1654, 1653, 1652, 1651, 1650), 29: (4222, 4223, 4224, 4225, 4226, 4227, 4228, 1326, 1416, 1325, 1324, 1323, 1322, 1321, 1431, 4229, 1415, 1414, 1320, 2106), 30: (2240, 2241, 3806, 2242, 4331, 2239, 2238, 2243, 2237, 2236, 2235, 2244, 4602, 4603, 4604, 2394), 31: (3158, 3159, 3160, 3163, 3161, 3164, 3162, 3157, 3156, 3155, 1051, 1052), 32: (2375, 2374, 2373, 2372, 2371, 2376, 2377, 2378, 2379, 2380, 3688, 3689, 2370), 33: (1552, 1551, 1550, 4328, 4373, 4374, 4375, 1548, 4376, 4377, 4378, 1549, 1547, 1546, 4329, 4462, 4463, 4464, 4465, 4466, 1545, 4467, 4379), 34: (2359, 2358, 2357, 2356, 2360, 3897, 2361, 2362, 4287, 2363, 2364, 3402, 3403, 3404, 2355, 2365), 35: (4492, 3682, 1294, 1295, 1296, 1297, 4491, 1298, 4493, 4494, 4495, 4496, 1083, 4497, 4498, 3786, 3785, 3683, 1084, 1082, 1081, 4499, 3684, 1080), 36: (1352, 3998, 4004, 3999, 4000, 1354, 4001, 4002, 4003, 3997, 1355, 1353, 1351, 1350), 37: (1771, 1776, 1775, 1774, 1773, 4134, 4137, 4135, 4136, 1772, 1770, 4138, 4139, 1777), 38: (2690, 2691, 2692, 2689, 2688, 2687, 2686, 2685, 2693, 2694, 4664, 4769, 4169, 4768, 4767), 39: (4148, 1596, 1595, 1594, 1593, 4149, 4150, 4151, 4152, 4153, 4154, 1592, 1701, 1591, 1590), 40: (3790, 3792, 2029, 3791, 3789, 3788, 3793, 1804, 1803, 1802, 1519, 3787, 1801, 3794, 1800), 41: (3818, 1382, 3817, 1384, 1383, 1381, 3819, 3820, 3821, 3822, 3823, 3816, 3824, 1380), 42: (4102, 3199, 4103, 4101, 4104, 4105, 4106, 4107, 4108, 4109, 1266, 2765, 1761, 2764, 2763, 4011, 1205, 1204, 1203, 1202, 1201, 3681, 3200, 916), 43: (2165, 2282, 3776, 2284, 2283, 3777, 3778, 3779, 2281, 3775, 2285, 2286, 2280, 3774, 2164, 3773, 3772, 3771), 44: (4058, 1491, 1490, 1489, 1488, 4059, 4060, 4061, 4062, 4063, 4064, 1487, 1486, 3128), 45: (3400, 3399, 3401, 2162, 2161, 3398, 3397, 3396, 2160, 3281, 3282, 3283, 3284, 3395, 3394), 46: (3534, 3533, 3535, 1938, 1892, 1891, 3536, 3538, 3537, 3539, 3532, 1890, 3531, 3530, 3070), 47: (3172, 3173, 3174, 3175, 3176, 3177, 3171, 3170, 931, 932, 3178, 3179, 1291), 48: (2675, 2676, 2677, 2674, 2673, 2672, 2671, 2670, 4394, 2678, 2679, 2680), 49: (1581, 4178, 4179, 4180, 4181, 4182, 1580, 1579, 4183, 4184, 1578, 1577, 1576, 1582, 4193, 1575), 50: (1095, 995, 994, 3800, 3801, 3892, 1339, 3620, 3893, 3894, 3895, 1096, 993, 1098, 1957, 1097, 1955, 1956, 1234, 1958, 4540, 4541, 2044, 4542, 4543, 4544, 1909, 3896, 2043), 51: (2525, 2526, 2527, 2528, 2529, 2524, 2523, 2522, 2521, 2530, 4453, 2520, 4408, 4454, 2393), 52: (2435, 2434, 2433, 2432, 2436, 2437, 2438, 4513, 2431, 2430, 2439, 4514), 53: (2301, 2302, 2300, 4481, 2303, 4482, 2298, 4483, 4484, 2299, 4332, 2297, 2296, 2295, 2304, 2305, 2228), 54: (3340, 3341, 3342, 2266, 3339, 3338, 3337, 3336, 3335, 3343, 3344), 55: (4572, 1866, 1865, 1864, 1863, 1862, 4571, 1861, 1860, 3130, 1867, 1868, 4570, 4573, 4574, 4554, 2153), 56: (3489, 3490, 3491, 3492, 1952, 1951, 3493, 3494, 3488, 3487, 1950, 3486, 3485, 3265, 2163), 57: (3730, 3731, 2088, 2087, 3729, 3728, 3732, 3726, 2086, 2085, 3727, 3733, 3734), 58: (3608, 3609, 3607, 3606, 1233, 1232, 1231, 1293, 1292, 3610, 3611, 3612, 3613, 3614, 1230), 59: (2328, 3673, 3671, 3674, 3672, 2327, 3670, 3669, 3668, 3667, 2326, 3666, 2325, 3665), 60: (3548, 3549, 3550, 3552, 3551, 3553, 3554, 3547, 3546, 1308, 1307, 1306, 3545, 3544, 1305), 61: (3038, 3059, 3039, 3040, 3056, 3037, 3036, 3035, 1144, 3054, 3055, 3057, 3129, 3058, 3034, 1140, 1141, 1142, 1755, 1143, 3740, 3605, 3876, 3877), 62: (1926, 1925, 1927, 4345, 4346, 4348, 4349, 4347, 1924, 1923, 1922, 1921, 1928, 4195, 1920, 4344), 63: (3596, 3685, 2268, 2269, 2270, 2133, 2132, 3416, 3417, 3418, 3419, 2131, 3686, 2130, 2271, 2272), 64: (1521, 1522, 4162, 4177, 1371, 1370, 1369, 4254, 1368, 1367, 4253, 4255, 4256, 4257, 4258, 3921, 3920, 4259, 1366, 1365, 1792), 65: (3909, 1681, 3908, 1760, 3907, 1684, 1683, 1682, 3906, 3910, 3911, 3912, 3913, 3914, 1680), 66: (1879, 1880, 1881, 1882, 4420, 4421, 4422, 4423, 4424, 3804, 3803, 1609, 1608, 1607, 1606, 3805, 1878, 1605), 67: (2645, 2646, 2644, 2643, 2642, 2647, 2648, 2649, 2641, 2640, 2650, 4784), 68: (2660, 2659, 2658, 2661, 2662, 2663, 2657, 2656, 2655, 2664, 4273, 2665), 69: (3833, 3832, 3831, 1249, 1248, 1247, 3830, 1246, 3834, 3835, 3836, 3839, 3838, 3837), 70: (1986, 4317, 1987, 1985, 1984, 1983, 4318, 1982, 1988, 4315, 4316, 4319, 1981, 1989, 1980), 71: (2465, 2466, 2467, 4393, 2464, 2463, 2462, 2461, 2460, 4363, 2468, 4364, 2469), 72: (4208, 1562, 1611, 1566, 4209, 4210, 4211, 4212, 1560, 4213, 4214, 1565, 1564, 1563, 1561), 73: (3864, 1789, 1788, 1787, 1759, 3865, 3866, 3867, 3868, 3869, 3863, 3862, 1786, 1785, 2254, 2255), 74: (3879, 3880, 3881, 3883, 3882, 1820, 1819, 1791, 1818, 1817, 1790, 1816, 3878, 3884, 1815), 75: (3580, 3581, 3582, 3583, 2148, 2147, 3584, 3579, 3578, 3574, 3577, 3576, 3575, 2146, 3326, 2145), 76: (2494, 2495, 2496, 2493, 2492, 2491, 2497, 3853, 2498, 2490, 2499, 3854), 77: (3626, 2103, 2223, 2222, 2221, 2220, 3625, 3624, 3623, 3628, 3629, 3627, 3622, 2104, 2105, 1413), 78: (3638, 3637, 3636, 3635, 1158, 1157, 1156, 3639, 3640, 3641, 3642, 3643, 3644, 1155), 79: (3098, 3099, 3100, 3101, 3102, 3103, 3097, 3096, 3095, 2026, 3104, 2027, 3094, 1245), 80: (4073, 1476, 1475, 1474, 1473, 1472, 4074, 4075, 4076, 4077, 4078, 4079, 1471, 1470, 1746), 81: (2629, 2630, 2631, 2628, 2627, 2632, 2633, 2634, 2626, 4468, 2625), 82: (3384, 3380, 3383, 3382, 3381, 3379, 3385, 2071, 3386, 3387, 3388, 3389), 83: (3713, 3714, 3715, 1908, 1907, 3718, 3719, 1906, 3716, 3717, 3280, 3712, 3711, 1053, 1114, 3650, 1023, 3649, 934, 933, 1188), 84: (4238, 1642, 4298, 4299, 4300, 4301, 4302, 4303, 1506, 1505, 1504, 1503, 1502, 4304, 1501, 1500, 4147), 85: (2108, 4480, 2018, 2017, 1070, 2016, 2015, 1068, 2014, 1065, 4044, 2013, 2107, 2109, 4751, 4040, 4752, 4753, 4754, 4046, 4045, 4043, 1069, 4042, 4041, 1067, 1066), 86: (2585, 2584, 2583, 2582, 2581, 2586, 2580, 2587, 2588, 2589), 87: (2405, 2406, 2407, 4649, 2404, 2403, 2402, 2401, 2400, 2408, 4647, 4648, 4272, 2409, 4646, 2169, 4556), 88: (2180, 2181, 2182, 3845, 2290, 4286, 1172, 2287, 2288, 1039, 2289, 4362, 2179, 3851, 3850, 3849, 3848, 1170, 3847, 3846, 1174, 1173, 1038, 1037, 4737, 4738, 4739, 1171), 89: (2510, 2509, 2508, 2507, 2506, 2511, 2512, 2513, 2505, 2514, 3193, 4588, 4589, 4587), 90: (2615, 2616, 4798, 2617, 2618, 2619, 4799, 2614, 2613, 2612, 2611, 2610, 4797, 4796, 4795, 4794, 4793, 1554, 1553), 91: (2570, 2571, 2572, 2573, 2574, 2575, 2569, 2568, 2567, 2566, 2565, 3043, 4168, 4167), 92: (3924, 3923, 1714, 3927, 3925, 3926, 3928, 1940, 1713, 1712, 1711, 3929, 1710, 3922, 1610), 93: (1446, 4087, 4088, 4089, 4090, 4091, 4092, 1442, 1520, 4093, 4094, 1445, 1444, 1443, 1441, 1440), 94: (3562, 3563, 3569, 3564, 960, 3565, 3566, 3567, 3561, 962, 3560, 3559, 2267, 3568, 961, 2178, 2792, 2791), 95: (2722, 2723, 4334, 2724, 2725, 2721, 2720, 2719, 2718, 2717, 2716, 2715, 4333), 96: (3459, 3458, 2388, 3457, 1877, 3460, 3461, 3456, 1876, 3462, 3463, 3464, 3455, 3264, 3262, 3263, 3454, 2389, 1875, 1278, 1279, 1280), 97: (2449, 2448, 2450, 2451, 2447, 2446, 2452, 3433, 3434, 2445, 2453, 2454), 98: (2059, 4270, 4269, 4268, 1011, 4267, 4266, 4265, 4633, 4264, 1010, 1009, 1008, 1007, 1006, 2061, 2060, 2058, 2062, 2063, 4630, 4631, 4632, 4634, 4271, 3320, 1005), 99: (2479, 2480, 2481, 2482, 2483, 2478, 2477, 2476, 3973, 2484, 2475, 3974, 2485), 100: (3744, 3743, 3742, 3745, 3746, 3747, 3741, 3748, 1849, 1848, 1847, 1846, 3749, 1845), 101: (3445, 3444, 3443, 3442, 3446, 3441, 1937, 3447, 3448, 3449, 3440, 2387, 3439, 2386, 2385), 102: (3143, 3142, 3144, 3145, 3146, 948, 3147, 1054, 3148, 3141, 1189, 1055, 1200, 3140, 946, 947, 3149, 2176, 2265, 1410, 949, 3710, 3905), 103: (3133, 3113, 3114, 3115, 2040, 3112, 3111, 3116, 3131, 3109, 3132, 3134, 3110, 2041, 1276, 3261, 901, 902, 903, 3589, 904, 3784), 104: (2600, 2599, 2598, 2601, 2602, 2603, 2604, 2597, 1734, 2596, 2595, 4813, 4812, 4811, 4810, 4809, 4808), 105: (3354, 3355, 3356, 3357, 3353, 3352, 2177, 3358, 3359, 3351, 1516, 3350), 106: (1967, 1966, 1968, 1969, 1970, 1971, 3205, 3206, 3207, 3208, 3209, 3325, 1972, 1965, 3595, 4360, 3324, 3323, 1973), 107: (2420, 2419, 3898, 2421, 2422, 3899, 2423, 2418, 2417, 2416, 2415, 2424, 3117), 108: (3234, 3235, 3236, 3237, 3238, 3239, 3233, 3232, 3231, 3230, 3229), 109: (3289, 3294, 3293, 3290, 3295, 3296, 3299, 3297, 3298, 3292, 3291, 2761, 2762), 110: (3699, 3698, 3697, 1338, 1310, 1337, 3701, 1336, 3700, 3702, 3703, 1311, 3704, 1335, 1518, 1309), 111: (4163, 4241, 1686, 1639, 4239, 4240, 4242, 4243, 4244, 1635, 1641, 1640, 1638, 1637, 1636, 4164, 2332), 112: (3219, 3220, 3221, 3215, 3222, 3223, 3218, 3217, 3216, 3214, 3224), 113: (3009, 3011, 3010, 3012, 4692, 3008, 3007, 1485, 3067, 3066, 2010, 3068, 3013, 2735, 3014, 3065, 4694, 2730, 2731, 3119, 2732, 2733, 2734, 1935, 2736, 2737, 2738, 2739, 4693, 2011, 2012), 114: (3503, 3500, 3502, 3501, 3504, 3505, 1517, 3506, 3507, 3508, 3509, 3427, 3426, 1277, 992, 991, 990), 115: (3188, 3189, 3190, 886, 2070, 3071, 3072, 3073, 3192, 3187, 3186, 3185, 3191, 3074, 3184, 1021, 1022), 116: (1537, 1536, 1535, 1534, 1533, 1532, 1531, 4433, 4434, 4435, 4436, 4437, 4438, 4439, 4358, 4359, 1530)}, 'chain_break_method': 'majority_vote', 'embedding_parameters': {}, 'chain_strength': 12380.777581271826}
