Config: F_1000-430.59769635495576s12_A400
Number of source variables: 113
Number of target variables: 1812
Time Elapsed: 497.68346762657166
Best State: [0 0 0 0 0 0 0 0 0 0 0 0 0 0 0 1 1 0 0 0 1 0 0 0 0 0 1 0 0 0 0 0 0 0 1 0 0
 0 0 0 0 0 0 0 0 0 1 0 0 0 0 0 0 0 0 1 0 0 1 0 1 0 0 1 0 0 1 1 1 0 0 0 0 1
 0 1 0 0 0 1 1 1 0 1 1 1 1 1 0 0 1 0 0 1 0 0 0 0 0 1 0 1 0 0 0 0 0 1 1 1 0
 1 1]
779.0	0.08849557522123894
ChainStr/ChainLen: 430.59769635495576/26
Info: {'qpu_sampling_time': 448200.0, 'qpu_anneal_time_per_sample': 200.0, 'qpu_readout_time_per_sample': 227.62, 'qpu_access_time': 463962.37, 'qpu_access_overhead_time': 4447.63, 'qpu_programming_time': 15762.37, 'qpu_delay_time_per_sample': 20.58, 'total_post_processing_time': 21.0, 'post_processing_overhead_time': 21.0}
Embedding Info: {'embedding': {1: (2409, 2408, 2407, 4753, 2410, 2411, 2412, 2413, 2406, 2405, 2414, 4754), 0: (2365, 2364, 2363, 2362, 2366, 2367, 5007, 2368, 4632, 2369, 4633, 4634, 2361), 2: (4687, 1374, 1375, 4688, 1659, 4689, 4690, 4691, 1464, 1465, 1466, 1467, 1468, 4692, 4693, 4686, 4694, 1469), 3: (5573, 5572, 1574, 1573, 1572, 1571, 5574, 5575, 5576, 5577, 5578, 1694, 5571, 5570, 5579, 1570, 1569, 4613), 4: (4342, 1522, 1523, 1524, 1525, 1526, 5138, 4343, 1657, 4193, 4194, 4195, 4196, 4197, 4198, 4199, 4344, 1527, 5242, 1407, 1408, 1409, 1357), 5: (2695, 2694, 2693, 2692, 2691, 4814, 2696, 2697, 2698, 2690, 5129, 2699, 4469, 4454, 3914, 4304, 5669, 5668, 5667, 4094, 5128, 5127, 5126), 6: (2635, 2636, 2637, 2638, 2639, 2634, 5697, 2633, 2632, 5622, 2631, 5008, 2630, 5699, 5624, 5698, 5623, 5621), 7: (2499, 2500, 2501, 2498, 2497, 2502, 2503, 2504, 2496, 2495, 3928), 8: (5335, 5336, 5337, 5330, 5332, 5338, 5334, 1887, 5333, 5339, 5331, 5244, 972, 973), 9: (4870, 4871, 4869, 4867, 1915, 1916, 1917, 4866, 4868, 4872, 1918, 1495, 4873, 1360, 4874, 1919, 1494), 10: (2560, 2561, 2562, 2563, 2564, 2559, 4543, 2558, 2557, 2556, 4544), 11: (2604, 2603, 3973, 2602, 2605, 2606, 2607, 2608, 2601, 2600, 2609), 12: (1734, 1733, 1732, 4329, 4658, 4330, 4331, 4332, 1149, 1735, 4657, 1151, 4656, 4655, 1150, 1152, 1153, 4719, 4333, 1987, 1154, 4334, 4779, 1731), 13: (5564, 1799, 5559, 5560, 5555, 5664, 5561, 5663, 5662, 5661, 1169, 1544, 1543, 5562, 5557, 1542, 5563, 1334, 1541, 5556, 5423), 14: (5712, 2455, 2454, 2453, 2452, 2451, 2456, 2457, 2458, 2450, 2788, 2449, 2459, 3883, 5713, 5714, 2789, 5429), 15: (2260, 2261, 2259, 2258, 2257, 2256, 5142, 2322, 2323, 2324, 5143, 5144, 2255), 16: (2395, 2396, 2397, 2394, 4812, 2398, 4813, 2399, 2393, 2392, 2391), 17: (5083, 5076, 5078, 5079, 5075, 5080, 5081, 5082, 5077, 1108, 5084, 1857, 1331, 1107, 1109), 18: (2424, 2425, 4528, 2426, 2427, 2428, 2423, 2422, 2421, 4527, 2429, 2420, 4529), 19: (2379, 2380, 2381, 2378, 2377, 2376, 2382, 4228, 4229, 2383, 2384), 20: (2664, 2665, 2666, 2667, 2668, 2663, 2662, 2661, 2669, 2660, 5309, 4019), 21: (5512, 5515, 5514, 5513, 5516, 5517, 5518, 1708, 5511, 5510, 5519, 1709, 1124, 1123, 1122), 22: (2649, 2650, 2651, 2652, 2648, 2653, 2654, 2647, 2646, 2645, 4574), 23: (5213, 5212, 5214, 5216, 5215, 5217, 5218, 1707, 5211, 1198, 5210, 1197, 5219), 24: (1715, 4074, 4075, 4076, 4077, 4078, 2090, 1716, 1717, 1718, 1719, 1720, 1721, 1722, 1723, 4079, 1724, 2060), 25: (2005, 2004, 2003, 2002, 2006, 2007, 2008, 4630, 2009, 4780, 4781, 4782, 4783, 4784, 1748, 4435, 4555, 4554, 4509, 4553, 4434, 2001), 26: (2138, 2139, 2140, 2141, 2142, 2143, 2137, 2136, 4091, 4092, 4093, 2481, 2144, 4271), 27: (1447, 1448, 1449, 1450, 4318, 1451, 1452, 1453, 4312, 4313, 4314, 1454, 4315, 4316, 4317, 4319, 1897), 28: (4735, 2020, 1959, 1958, 4739, 4736, 4737, 4732, 4738, 2021, 4734, 4733, 2022, 2023, 2024, 1749), 29: (5470, 5465, 5466, 5471, 5472, 5467, 5473, 5474, 5469, 5468, 2488), 30: (2078, 2077, 2076, 3987, 2075, 3986, 2079, 3988, 2080, 2081, 2082, 4016, 4017, 2083, 3989, 4541, 2084, 4855, 4856, 4542, 2720, 1990), 31: (2064, 2065, 2066, 2067, 2068, 4660, 2063, 2062, 2061, 4588, 4586, 4587, 4589, 4825, 2069, 4840, 4839, 5141, 5620, 5619), 32: (4236, 4240, 4237, 4239, 4238, 1222, 1223, 1224, 1225, 1226, 1227, 4241, 4242, 4243, 4244, 1212, 1213, 1214, 4731), 33: (1854, 4629, 4675, 1779, 1780, 1781, 1782, 1783, 4674, 4676, 1853, 1852, 1914, 1851, 4030, 4031, 4032, 4033, 4034, 1784), 34: (4884, 1810, 4885, 4886, 4887, 4883, 4882, 4881, 4888, 4889, 1555, 1556, 1557, 1558, 1195), 35: (2274, 2273, 2272, 2279, 4347, 4348, 2271, 2270, 2275, 2276, 2277, 2278, 4349, 4752), 36: (5094, 5090, 5095, 5096, 5097, 5098, 5092, 5099, 5093, 5091, 1662, 1663, 1664), 37: (2350, 2351, 2352, 4859, 2353, 4857, 4858, 2349, 2348, 2347, 2346, 2354), 38: (5364, 5365, 5363, 5362, 5361, 1603, 5366, 5367, 5368, 5369, 5360, 1604), 39: (5497, 5500, 5496, 5501, 5502, 5499, 5498, 1333, 5503, 5504, 5495, 1332, 5302), 40: (2199, 2200, 2201, 2202, 2203, 2198, 2197, 4301, 4302, 4303, 4631, 2204, 2196, 4811, 4810), 41: (5048, 5049, 5050, 2756, 5051, 1736, 5052, 5053, 5054, 5047, 1376, 1377, 5137, 1378, 1706, 2755, 5046, 1379), 42: (5260, 5255, 5259, 1813, 1814, 5261, 5258, 5257, 5262, 5263, 5264, 5256), 43: (4387, 4388, 4389, 4390, 4391, 1417, 1432, 1433, 1434, 1435, 1436, 1437, 1438, 4392, 4393, 4394, 1439), 44: (2335, 2334, 2336, 2337, 2333, 2332, 2331, 2338, 2339, 4467, 4468, 2330, 4407), 45: (5225, 5230, 5231, 5232, 5233, 5234, 5229, 5228, 1737, 5227, 5226, 1738), 46: (4974, 4975, 4972, 4976, 4977, 1676, 1677, 1678, 4978, 1661, 4973, 1660, 4979, 4718, 1679, 4971), 47: (1809, 4599, 1674, 1675, 1808, 4359, 4360, 4361, 4362, 4598, 1479, 1480, 1481, 1482, 1483, 1484, 4363, 4364, 1807, 1478, 4600), 48: (4723, 2049, 2050, 2051, 2052, 2048, 2047, 2053, 2054, 4720, 4721, 4722, 4724, 2046, 5306, 2045, 4540, 4539), 49: (5018, 5019, 5020, 5021, 5022, 5023, 5024, 5304, 1826, 1827, 1828, 5017, 5016, 1829, 5015, 5303), 50: (5409, 5410, 5411, 5412, 5413, 1858, 5408, 5407, 5406, 5414, 5405), 51: (2575, 2576, 2574, 2573, 2577, 2578, 2572, 2571, 5428, 2579, 2570), 52: (4447, 4448, 4449, 4450, 4446, 4165, 1253, 1254, 1255, 1256, 1257, 1258, 1973, 1972, 1971, 4166, 4167, 4168, 4169, 1259), 53: (2210, 2589, 2588, 2590, 2591, 2592, 2593, 2594, 3853, 2587, 2586, 2585, 4138, 3854, 2584, 3852), 54: (2759, 5439, 5438, 5440, 5437, 5441, 5442, 5443, 5436, 5444, 5435, 2758, 1228, 2757), 55: (2529, 2530, 4018, 2531, 2528, 2527, 2532, 2533, 2526, 4573, 2534), 56: (2094, 2093, 2092, 2095, 2096, 2097, 2098, 4603, 4751, 4601, 2091, 4602, 4604, 2099), 57: (4792, 4796, 4795, 4798, 1960, 1961, 1962, 4797, 4799, 1963, 1964, 4794, 4793, 4791), 58: (5270, 5277, 5275, 5274, 5273, 5272, 5271, 5276, 5278, 5279, 2038, 2039), 59: (2215, 2216, 2217, 2218, 2214, 2213, 2212, 2211, 2219, 4556, 4557, 4558, 4559), 60: (5037, 5032, 5033, 5031, 1361, 1362, 1363, 1766, 5030, 5034, 5035, 5036, 5038, 1767, 5039), 61: (1944, 1943, 1942, 1941, 4705, 4706, 4707, 4060, 4061, 4062, 4063, 4064, 1945, 1946, 1947, 4708, 1948, 1949), 62: (1859, 5485, 5486, 5487, 5488, 5529, 5528, 5527, 5526, 5525, 5489, 1168, 1167, 1166, 1165, 1164, 1163, 1162, 1161, 4206, 4207, 4208, 1596, 4088), 63: (1506, 1507, 1508, 1509, 1510, 1511, 1512, 1513, 4282, 4283, 4284, 4285, 4286, 4287, 4288, 5123, 4289, 5122), 64: (1327, 4423, 4417, 4418, 4551, 4419, 4420, 4421, 4422, 1328, 4424, 1284, 1285, 1286, 1287, 2483, 2484, 2485, 2486, 2487, 1288, 1289, 1326, 5136), 65: (5455, 2773, 5456, 5457, 5458, 5459, 2770, 5454, 5453, 5452, 5451, 5450, 2772, 2771, 1888, 2769), 66: (2439, 2438, 2437, 2436, 2435, 2440, 2441, 2442, 2443, 2444, 4378, 4379), 67: (2109, 2110, 2111, 2112, 2113, 4495, 2114, 2108, 4496, 4497, 4498, 2107, 2106, 4499), 68: (1812, 5109, 5110, 5111, 4776, 5112, 5108, 1632, 1633, 1634, 1586, 5113, 1585, 5114, 4778, 4777, 5002), 69: (1092, 1093, 1094, 5600, 5601, 5602, 5603, 5604, 5605, 5606, 5607, 5608, 5180, 5609, 1739, 1196, 5120, 5121, 1091), 70: (2516, 2515, 2514, 2513, 2512, 2511, 2517, 2518, 2510, 2519, 3943), 71: (2245, 2246, 2247, 2248, 2249, 2244, 2243, 4661, 4662, 4663, 2242, 2241, 2240, 5307, 4664), 72: (4642, 4643, 4644, 4645, 4646, 4647, 4648, 4641, 1239, 1240, 1241, 1242, 1243, 4640, 1584, 1244, 4649), 73: (4899, 4900, 4901, 4898, 1690, 1691, 1692, 1693, 4902, 4903, 4904, 4897, 1750, 1751, 1752, 4896, 4895), 74: (4492, 4491, 1343, 1344, 1345, 4406, 1346, 4109, 1347, 4493, 1957, 1658, 4404, 4405, 1956, 4105, 4106, 4107, 4108, 1348, 1349), 75: (2306, 2307, 2308, 4917, 2309, 2305, 2304, 2303, 2302, 2301, 5427, 4918, 4919, 2300, 5426), 76: (5542, 5543, 5544, 5541, 1528, 5540, 5539, 5545, 5546, 5547, 5548, 5549), 77: (2294, 4961, 4962, 2291, 2292, 4960, 4964, 2293, 4958, 4959, 4963, 4957, 4956, 1705, 4913, 1615), 78: (5315, 5318, 5319, 5320, 5321, 5322, 5323, 5317, 5316, 5324, 1017, 1018, 5240, 5241), 79: (2156, 2155, 2154, 2153, 2152, 2157, 5246, 2151, 5247, 5248, 5249, 2158, 2159, 2150), 80: (5290, 5289, 5286, 5291, 5292, 5287, 5293, 5294, 1993, 1994, 5288, 1602, 1992), 81: (2230, 2229, 2228, 2227, 2226, 2231, 2232, 2233, 4841, 4842, 2234, 4916, 4843, 2225), 82: (5379, 5380, 1059, 5381, 5382, 5383, 5378, 5377, 5376, 5375, 5384, 1063, 1062, 1061, 1060, 4700), 83: (2037, 5185, 5186, 5245, 1902, 1903, 5187, 1904, 5188, 5189, 2036, 2035, 2034, 2033, 2032, 2031), 84: (5155, 5154, 5158, 5153, 1497, 1498, 1499, 5156, 5157, 5159, 5152, 5151, 1496), 85: (5170, 5171, 5172, 5169, 5168, 1617, 1618, 5167, 5166, 5165, 5173, 1619, 5174, 1616), 86: (5349, 5346, 5350, 5351, 2784, 5352, 5353, 5348, 5347, 1798, 5354, 5345, 2848, 2787, 2786, 2785, 4709, 2849), 87: (2724, 2725, 2726, 2727, 2723, 2722, 2721, 2728, 2729, 4259, 4439, 4258, 4257, 4256, 4255), 88: (2710, 2709, 2708, 4409, 4408, 2707, 2706, 2705, 2711, 2712, 2713, 2714, 2617, 4844, 2482, 2616), 89: (5592, 5590, 5591, 5593, 5594, 5589, 1769, 5588, 1768, 2264, 5484, 5587, 5586, 5585, 1199, 1514, 1559), 90: (1912, 4463, 4462, 4464, 1418, 1419, 1420, 1421, 1422, 1913, 4465, 1898, 1899, 1900, 1911, 1910, 4000, 4001, 4002, 4003, 1423, 1424, 4004, 2135), 91: (2285, 2286, 4747, 4750, 4227, 4226, 1884, 4225, 1881, 1882, 1316, 1883, 1885, 4748, 4749, 1315, 4049, 1317, 1318, 1319, 4047, 4048, 1886, 4615, 4659), 92: (1588, 5483, 5482, 1589, 5648, 5649, 5650, 5651, 5652, 5653, 5654, 1587, 5481, 2489, 5532, 5533, 5534, 5182, 5183, 5480, 5531, 5530, 5181), 93: (4677, 2319, 2318, 4572, 2623, 4678, 4571, 2320, 2321, 2619, 2620, 2621, 2622, 4679, 2624, 4570, 2019, 2018, 2017, 2016), 94: (4704, 4703, 4702, 1838, 4701, 1389, 1390, 1391, 1392, 1393, 1394, 1839, 1837, 4179, 4180, 4181, 4182, 4183, 4184), 95: (5199, 5200, 5198, 5197, 5201, 5202, 5203, 5196, 2262, 5204, 5195, 2263), 96: (2185, 4826, 4827, 2184, 2183, 2182, 2186, 2187, 2188, 2189, 2181, 4828, 4829, 4436), 97: (2469, 2468, 2470, 2471, 2472, 2473, 2474, 2467, 2466, 5638, 2465, 5639, 4438), 98: (4583, 1629, 4584, 1763, 1139, 1762, 4149, 1761, 4150, 4151, 4152, 4153, 4582, 4581, 1134, 1135, 1136, 1137, 1138, 1630, 4154, 5045, 4673, 1764, 1765, 4838), 99: (1077, 4987, 4988, 4986, 4985, 1076, 1078, 4989, 4990, 4991, 4992, 4993, 4994, 1079, 1601, 5660), 100: (4929, 4928, 1646, 1647, 4933, 4927, 4930, 4931, 4932, 1648, 1649, 4934, 1811, 4926), 101: (4768, 2678, 2677, 2679, 2680, 2681, 2682, 2683, 4769, 4767, 4766, 2684, 2676, 2675, 4765, 1974), 102: (4507, 1403, 1404, 1405, 1406, 5421, 5107, 4214, 1302, 1303, 4508, 1673, 1703, 1672, 4212, 1304, 4209, 4210, 4211, 4213, 1704, 5420), 103: (2124, 2125, 2126, 4616, 4617, 2127, 4618, 4619, 2122, 2123, 2128, 2129, 2121, 2120), 104: (4119, 4120, 4121, 4118, 4117, 4116, 4115, 1176, 1177, 1178, 1179, 1180, 1181, 1896, 1611, 1612, 1613, 1614, 1182, 4122, 4123, 4124, 1183, 1184), 105: (4453, 2169, 2168, 4466, 2288, 4451, 4452, 2166, 2170, 2171, 2172, 2167, 2173, 2174, 5006, 4526), 106: (1754, 5397, 5394, 5393, 5392, 5395, 5396, 5398, 5399, 5391, 5390, 1753), 107: (5065, 1976, 1977, 1978, 5066, 5067, 5068, 1979, 5064, 5063, 5062, 1856, 1631, 1855, 5069, 5061, 5665), 108: (2544, 2545, 2546, 2547, 2548, 2549, 2543, 2542, 5308, 2541, 2540, 3913, 3912, 3911, 2224), 109: (4945, 1841, 1842, 1843, 1844, 4946, 4947, 4942, 4948, 4944, 1795, 1794, 4949, 4943, 4941, 5184), 110: (1868, 1869, 1870, 4479, 4480, 4481, 1865, 4482, 4483, 4484, 4854, 1871, 1872, 1873, 1874, 1867, 1866), 111: (4372, 4373, 1270, 4371, 1268, 1269, 1271, 1272, 1273, 4851, 1274, 4374, 4375, 4376, 4377, 2317, 4272, 1539, 4273, 4274, 2316, 4852, 1540), 112: (1928, 1929, 1930, 1931, 1933, 4510, 4511, 4512, 4513, 1932, 1927, 1926, 1934, 4514, 4585)}, 'chain_break_method': 'majority_vote', 'embedding_parameters': {}, 'chain_strength': 430.59769635495576}
