Config: N_1000-5354.0299938428925s-1_A200
Number of source variables: 489
Number of target variables: 2596
Time Elapsed: 22.627562999725342
Best State: [1 0 0 0 0 0 0 0 0 0 0 0 0 0 0 0 0 0 0 0 0 0 0 0 0 0 0 0 1 0 0 0 0 0 0 0 0
 1 0 1 0 0 1 0 0 0 0 0 1 1 0 0 0 0 0 0 0 0 0 1 0 0 0 0 0 0 0 0 0 0 1 0 0 0
 0 0 0 1 0 0 0 0 0 0 0 0 0 0 0 0 0 0 0 0 0 0 0 1 0 0 0 0 1 0 0 0 0 0 0 0 1
 1 0 1 0 0 1 0 0 0 0 0 0 0 0 0 0 1 0 0 0 0 0 0 0 0 0 0 0 0 0 0 0 0 0 0 0 0
 0 1 0 0 0 0 0 1 0 0 1 0 0 0 0 0 1 0 0 0 0 0 0 0 0 0 0 0 1 0 0 0 0 0 0 0 0
 0 0 1 0 0 0 0 0 1 0 0 0 1 0 1 0 0 0 1 1 0 1 1 1 1 1 1 1 1 1 0 0 0 0 0 0 0
 0 1 1 1 1 1 1 0 0 0 0 0 0 0 0 1 1 1 0 1 1 1 0 1 1 0 1 0 0 1 1 1 0 0 1 1 0
 0 0 0 0 1 1 0 0 0 1 1 0 0 0 0 0 0 0 0 0 0 0 1 1 1 0 0 1 1 1 1 1 1 1 1 0 0
 0 0 1 1 1 1 1 0 0 0 0 0 0 0 0 1 1 1 0 0 0 1 1 1 1 1 1 1 0 1 1 1 1 1 1 1 0
 0 1 1 1 1 1 0 1 1 0 1 1 1 0 0 0 0 1 1 1 1 1 1 1 0 0 0 0 0 0 0 0 0 0 0 0 0
 0 1 1 1 1 1 1 1 1 1 1 1 1 0 0 1 1 1 1 1 1 1 1 1 1 1 1 1 1 1 1 1 1 1 1 0 0
 0 0 0 0 1 1 1 1 1 1 1 1 1 1 1 1 1 1 1 1 1 0 0 0 1 0 0 1 0 0 1 1 1 1 1 1 1
 0 0 0 0 0 0 0 0 0 1 1 1 1 0 0 0 1 1 1 1 1 1 1 1 0 0 0 0 0 1 1 1 1 1 1 1 1
 1 1 1 1 1 1 1 1]
77727.0	0.05112474437627812
ChainStr/ChainLen: 5354.0299938428925/20
Info: {'qpu_sampling_time': 383720.0, 'qpu_anneal_time_per_sample': 200.0, 'qpu_readout_time_per_sample': 163.18, 'qpu_access_time': 399650.37, 'qpu_access_overhead_time': 4230.63, 'qpu_programming_time': 15930.37, 'qpu_delay_time_per_sample': 20.54, 'total_post_processing_time': 29.0, 'post_processing_overhead_time': 29.0}
Embedding Info: {'embedding': {160: (831, 4219, 4220, 830, 829, 828, 1102, 3694, 3918), 161: (3800, 3801, 1084, 3802, 1085, 3799, 1249), 173: (4115, 1161, 4116, 4117, 4114, 1101, 1100), 162: (3712, 3711, 3713, 3710, 3714, 1279, 3715, 1280, 1281, 3709, 1834, 1518), 174: (4341, 4340, 1057, 1056, 1282, 4342, 4343, 4344, 1462), 163: (4401, 1040, 4400, 1042, 1041, 1039, 4402, 4403, 4404, 4405, 4406), 175: (4387, 1417, 1416, 4388, 4389, 4390, 4391, 4386, 4385, 1103), 164: (979, 3919, 980, 978, 3934, 4084), 176: (4070, 951, 950, 949, 1071, 1072), 165: (3697, 3698, 3699, 3700, 3701, 3696, 3695, 1609, 1610), 177: (1054, 3815, 1009, 1010, 1011, 3725, 3726, 3727, 3728, 3729, 1012, 3730, 3731), 166: (3784, 874, 814, 815, 816, 3785, 3786, 3787, 3788), 178: (4129, 4130, 4128, 4131, 4132, 981, 982), 167: (3830, 3829, 905, 3832, 906, 907, 3831, 3833, 4175, 3834, 3835, 4174), 179: (4236, 4237, 4235, 4238, 4239, 4240, 4234), 168: (3891, 1220, 1221, 3890, 3892, 1219, 3889, 3893), 180: (4206, 4205, 952, 4207, 4208), 169: (3755, 3754, 3759, 785, 919, 1174, 3753, 784, 3756, 3757, 3758, 4083), 181: (4280, 4281, 4282, 4279, 4284, 4283, 4278, 786, 1222), 170: (1639, 3771, 1324, 3772, 3773, 3769, 3774, 3770, 3775, 3768), 182: (4295, 4294, 4297, 4299, 4296, 4298, 4300, 877, 876, 1297, 2077, 2076, 2075, 2074), 171: (3906, 3905, 3904, 3907, 3908, 3903), 183: (4309, 4310, 4311, 4313, 4312, 892, 891, 890, 889), 172: (3651, 3650, 3655, 3649, 1264, 1265, 3652, 3653, 3654, 904, 3724), 184: (4326, 1252, 1025, 4327, 1026, 4328, 4329, 4330, 4325, 1027, 1432, 1192, 1024, 1023, 2062), 185: (1460, 1461, 3983, 3982, 3984, 1459, 3667, 3666, 3985), 186: (3922, 3923, 3924, 3927, 3925, 3926, 2195, 2196, 4091, 2136, 2137, 3921, 1310, 3920), 187: (3965, 3966, 3967, 1070, 3964, 995), 188: (4013, 4012, 1415, 1414, 4014, 4015, 4011, 4010), 189: (1446, 1447, 3997, 1445, 1444, 4177, 4178, 1448, 4507, 3996), 190: (4357, 1387, 1386, 1385, 4356, 4355, 4358, 4359, 1384, 4360), 191: (1250, 1251, 3936, 3937, 3938), 192: (1372, 1371, 1370, 4372, 4371, 4370, 4369, 4368, 4373, 4367, 1369, 3862, 4374), 193: (1293, 3487, 1294, 3490, 1295, 3488, 3489, 1296, 1922, 1967, 3816, 3981, 3877, 3980), 194: (1353, 3608, 3607, 1354, 1355, 1356, 1357, 1352, 3411, 3410, 3609, 1683), 195: (1427, 1428, 1429, 1430, 3457, 3458, 3459, 3460, 1431, 3532, 1383, 3461), 196: (1838, 1839, 1837, 1836, 1835, 4435), 197: (4100, 4101, 4103, 1266, 4099, 4102, 4104), 198: (1881, 4255, 4164, 1880, 1879, 1878, 4256, 1882), 199: (1520, 4073, 1522, 4074, 4075, 1521, 1519), 200: (1942, 4314, 4345, 1943, 4540, 1941, 1940, 1939), 201: (1551, 1550, 4148, 4627, 4149, 1552, 1553, 4147, 4146, 4150), 202: (1774, 3332, 1773, 1772, 1775, 1776, 4179, 1777, 3339, 918, 3338, 3337, 3336, 3335, 3334, 3333, 917), 203: (3429, 3428, 1877, 1850, 3505, 1847, 1848, 1849, 1851, 1852, 1547, 3670), 204: (1654, 1655, 1656, 1657, 1653, 1652, 4133, 3968, 3969, 4134), 205: (1863, 1862, 3399, 3624, 3625, 1864, 1865, 1866, 1867), 206: (2181, 4061, 1596, 4060, 2182, 2183, 2184, 4059, 4058, 4057, 4056, 4055), 207: (2018, 4480, 2017, 2123, 2016, 2015, 4479, 2014), 208: (1598, 4585, 4418, 1597, 4253, 4252, 4251, 4250, 4583, 4584, 4586, 4249, 2019, 1312, 1311), 209: (1957, 4375, 1956, 1955, 1954, 1958, 4420), 210: (4192, 4193, 4191, 4190, 4194, 4195, 1627, 1628, 4196), 211: (1715, 4088, 1716, 1717, 4089, 4090, 1714, 4254, 2121), 212: (1986, 1987, 1988, 1989, 1985, 1984, 1983), 213: (4268, 4269, 4270, 1612, 1686, 1685, 1684, 4271, 2212), 214: (2045, 2046, 2047, 2044, 2043, 4180, 2042, 4436, 2048, 3866, 2089), 215: (4043, 4042, 4041, 4044, 4045, 4040, 4046), 216: (4267, 4266, 4265, 1087, 1086, 3995, 1492, 1493, 1494, 3994, 875), 217: (1130, 1129, 3740, 3741, 3742, 1131, 1132, 1133, 1134, 1135, 3739, 3744, 3743, 4416, 3745), 218: (1146, 1147, 4431, 1148, 1149, 4145, 1145, 3935, 4071, 4072), 219: (3634, 3635, 3636, 3637, 3638, 3639, 934, 935, 936, 937, 1548, 1368, 1713, 4264, 4144), 220: (4028, 4026, 4027, 1176, 1595, 1594, 1593, 3563, 3564, 1175, 3565, 1177, 4025, 1623), 221: (1117, 4221, 4222, 4223, 4224, 1116, 1115, 4085, 1114, 1113, 1112), 222: (3682, 3681, 3683, 3684, 1413, 1160, 1412, 3685, 1158, 1159, 3680, 3686), 223: (3640, 3641, 1952, 2164, 2165, 2166, 2167, 2168, 2169, 1953, 3355, 3354, 3353, 1487, 1488, 1489, 1490, 1491), 224: (1911, 1910, 1909, 1912, 1913, 3970, 1908), 225: (1398, 3576, 3577, 1399, 1400, 1401, 3578, 3579, 3580, 2103, 2104, 2105, 2106, 2107, 2108, 2109), 226: (3895, 1729, 3894, 1730, 1728, 3896, 3864, 1731, 3863, 1732, 1727), 227: (1971, 1970, 1969, 1968, 3940, 1972, 3910), 228: (4030, 4031, 4029, 1760, 1759, 1758, 1761, 4032, 2300, 2299, 1762), 229: (2059, 2058, 2057, 2060, 2061, 2056, 4211), 230: (2150, 4001, 4000, 1536, 3999, 3998, 1535, 1534, 2151, 2152, 2153, 2154, 2155, 1533, 1537), 231: (1238, 1237, 1236, 4086, 4087, 1239, 1240, 1235, 1234), 232: (3803, 3804, 1549, 3848, 1475, 1476, 1477, 3847), 233: (3535, 1567, 3534, 3533, 1832, 1563, 1564, 1565, 1833, 1566), 234: (1502, 3518, 3519, 1503, 1504, 1505, 3878, 1506, 1507, 3879), 235: (3550, 1578, 1579, 1580, 3547, 3548, 3549, 1581, 1582, 3551), 236: (1268, 4461, 4462, 1267, 4463, 4464, 4176, 1853, 4465), 237: (1793, 1792, 1791, 1790, 1789, 1788, 4449, 3669, 3939, 4450, 4569, 1659, 4673), 238: (1926, 4225, 1925, 1924, 1923, 1927, 4165, 1928, 4166, 2226, 4242, 2302, 4377, 4332), 239: (1744, 3789, 1741, 3790, 1745, 1743, 1742, 1746, 1747, 1748), 240: (1894, 3909, 1895, 1896, 1897, 1893, 3610, 3611, 3612, 3865, 1892), 241: (1342, 1343, 1044, 4521, 4522, 4523, 4524, 1778, 4434, 1341, 1340, 1339, 1338, 4520, 1043, 1045), 242: (3955, 3954, 3953, 3952, 3951, 1325, 1326, 3957, 3956, 3958, 3950, 1327, 2600, 2601, 2602), 243: (4118, 1626, 1206, 4163, 4162, 4161, 1625, 4119, 4120, 4121, 4122, 4160, 1207, 4123, 2571), 244: (3593, 3591, 3592, 3590, 1188, 1189, 1190, 3594, 3595, 3596, 1191, 3876, 2253, 3642), 245: (1817, 1818, 1819, 1820, 1821, 1822, 1823, 3414, 3415, 3416, 3417, 3418, 4209, 4210, 2627, 3539), 246: (1696, 3309, 1697, 1698, 1699, 1700, 1701, 3324, 3325, 3326, 3327, 3328, 1702, 2491, 2492), 247: (1786, 1787, 3504, 1803, 1804, 3281, 3279, 1805, 1806, 1807, 1808, 3280, 3282, 3283, 2041, 3284), 248: (3819, 3818, 1640, 3820, 3817, 3821, 1641, 3822, 3823, 1642, 2479), 249: (1999, 3760, 2000, 1998, 1997, 3761, 3762, 3763, 2001, 2002), 250: (3851, 2149, 3746, 3747, 3850, 3849, 1670, 1671, 1672, 1669, 1668, 3748, 2433, 3613), 4: (1308, 1309), 21: (3798,), 5: (860, 4039, 859), 31: (3738, 783), 6: (977, 3454), 55: (4008, 4009), 7: (910, 909, 908), 88: (801, 4263, 800, 4113, 4204), 8: (680, 3888), 101: (966, 4189, 4188, 965, 964), 9: (861, 846, 845, 844), 113: (4053, 4052, 4054), 10: (1204, 1203, 1205), 135: (798, 799), 11: (3656,), 148: (812, 813, 3469), 12: (921, 922, 4339), 32: (4580, 954, 1058), 13: (2122,), 44: (1107, 1106, 1105, 2217, 5214, 1104, 5210, 5211, 5212, 5213, 5215, 5216, 5112), 14: (948,), 56: (606, 607, 608, 4157, 4158, 4593, 741, 4159), 15: (2314, 2315, 2316, 3732), 67: (4700, 4699, 4701, 4702, 1014, 1013), 16: (4775, 4776, 983, 4777, 984), 76: (4430, 4444, 1028, 4445), 17: (999, 4819, 998, 997, 996), 89: (697, 4338, 4233, 698), 18: (4519, 4518, 4517, 578, 953), 102: (4323, 4324, 652, 772), 19: (787,), 114: (681, 4068, 4143), 20: (3514, 3515, 888), 136: (649, 3813, 648, 3814), 22: (3663, 603, 604, 3664, 3665), 33: (1247, 3456, 1248), 23: (4331, 2197), 45: (2325, 2213, 2326, 2327, 2328, 2329, 2330, 2331, 3008, 2332, 4392, 2214, 3006, 2215, 2216, 3010, 3012, 3009, 3011, 3007), 24: (1068, 1069), 57: (3962, 484, 485, 483, 482, 486, 4172, 3963), 25: (1358, 1359), 77: (4504, 4503, 4505, 4506), 26: (2005, 2006, 2007, 2004, 2003), 90: (4354, 4353, 743, 4352, 4473), 27: (4322, 622), 115: (441, 4232, 440, 439, 487, 3796, 3857), 28: (3486, 3483, 738, 3484, 3485), 124: (3559, 3558, 3557, 3560, 3561, 3562), 29: (1367,), 137: (3409, 3408, 827), 30: (2072, 2073), 149: (3605, 873, 3604, 1083, 3622, 3606, 3621), 34: (4674, 1779), 46: (4956, 4957, 4958, 4959, 4960, 1841, 4961, 4962, 805, 4955, 4954, 804, 803, 4548, 1840), 35: (4106, 4105, 4107, 2405), 58: (532, 4532, 533, 534, 535, 536, 531, 4097, 4098), 36: (2362, 4227, 4257), 68: (4642, 4641, 1284, 1508, 4643, 4644, 1883), 37: (1524, 4687, 1523), 78: (4432, 1433, 4582, 4433), 38: (2035, 2036, 2034), 91: (4537, 4538, 1403, 4539), 39: (4597, 4596, 1193, 1449), 103: (4625, 4626, 1163, 4624), 40: (349, 350, 348, 347, 3331), 116: (527, 528, 3632), 41: (1128, 3620, 3619, 3618, 3501, 3502, 3503, 1607), 125: (3425, 3426, 3427, 1007), 42: (3112, 3113, 1651), 138: (3441, 3440, 3443, 1172, 3442), 43: (3400, 2087, 3521), 150: (3397, 3396, 1472, 3398), 47: (2199, 2200, 4587, 4661), 59: (5063, 5064, 5062, 5061, 1796, 5065, 5066, 2186, 2185), 48: (2124, 4766, 4767), 69: (1855, 1856, 5049, 1854, 4570, 4571), 49: (5032, 5033, 5034, 1436, 1481, 1480, 1479), 79: (4554, 1718, 1824), 50: (1961, 5095, 5110, 1857, 1960, 1959), 92: (4493, 4419, 1703, 4492, 1658), 51: (1646, 4898, 4899, 1645, 4763, 4762, 1870, 1644, 1643), 104: (1613, 4508, 4478, 1614), 52: (1781, 1780, 4809, 4810, 5109, 1677, 5108, 1497, 1990), 126: (2028, 2029, 2030, 2031, 3475, 3474, 3473, 4135), 53: (2463, 2464, 2465, 2461, 2462, 3235, 3237, 2466, 4213, 4212, 3236, 1981, 3130), 139: (2207, 2208, 2209, 2210, 2211, 3292, 3296, 3295, 3294, 3293, 1381), 54: (3836, 2224, 2225, 2134, 2133), 151: (2117, 3881, 2118, 3370, 2119, 3369, 2120, 1861), 60: (5002, 1586, 1496, 1495), 80: (4659, 1809, 1810, 1869, 4658, 4657), 61: (1407, 1406, 1405, 5166, 5242, 4927, 4806, 4805), 93: (4822, 1465, 1554, 4820, 4821), 62: (1151, 5136, 1150, 4895, 1091), 105: (4670, 4671, 1299, 4612), 63: (4638, 849, 850, 744, 4563, 4639, 939, 938), 117: (663, 664, 662, 661, 3633), 64: (1180, 4971, 4972, 4973, 1179, 1616, 4970, 1178), 127: (3277, 3278, 3276, 1591, 1216, 3275, 3274, 3273, 1592), 65: (3323, 3322, 3321, 3320, 3319), 140: (1111, 3200, 3156), 66: (3384, 3383, 3382, 1937), 152: (1351, 3217, 3247, 1426, 3352), 70: (4976, 4975, 4974, 1976, 1661, 2171, 2170), 81: (4706, 4705), 71: (1916, 1915, 1914), 94: (4824, 1899, 4823, 1898), 72: (2112, 5141, 5140, 5139, 5142, 5143, 2411, 2111, 2110), 106: (4691, 2229, 4690, 4689, 4688, 2228, 2227, 4301), 73: (4721, 4722, 1973, 4723, 4724, 2649, 2439, 2440, 4720, 1974), 128: (2179, 2178, 3941, 3566, 2180, 3911), 74: (2344, 2343, 2342, 2341, 3702, 3703), 141: (2296, 2297, 2298, 3206), 75: (3431, 3432, 3430), 153: (3357, 3356), 82: (1930, 4915, 4916), 95: (4929, 1735, 1734, 4930, 4931), 83: (4884, 4883, 4885, 4886, 4882, 4887, 4881), 107: (4792, 4793, 4791, 1630), 84: (2256, 2257, 2258, 2259, 2274, 2275, 2276, 5186, 2255, 2254, 3807, 3806, 3805), 118: (770, 3933, 3932, 769, 768, 767, 766, 3844, 3845, 3846), 85: (2540, 2541, 2542, 4078, 2538, 4303, 4302, 2539, 3537, 3538, 3536), 129: (3310, 3311, 3312), 86: (3084, 3085, 3086, 3087, 2415, 1710, 1711, 1712), 142: (3265, 3266, 2191, 2192, 1906, 1907, 3520), 87: (2222, 2221), 154: (2147, 3491, 2146, 3371, 2013), 96: (1584, 1585, 4598, 1583), 108: (1674, 1675, 1673), 97: (4495, 4496, 2063, 4494, 2303, 4542), 119: (4714, 4713, 4712, 459, 458, 457, 456, 455, 4715, 4716, 4717, 4718, 1704), 98: (2377, 4197), 130: (2393, 2392, 4482, 4272, 4273, 4274, 2811, 2810), 99: (3115, 3116, 3117, 3114, 2400, 2401, 1740), 143: (3792, 2404, 3837, 3791), 100: (3507, 2358), 155: (2313, 3672), 109: (2138, 4526, 4511, 4512, 2139, 4513, 2140, 4525), 120: (715, 4848, 4849, 4850, 4851, 4852, 714, 3708, 712, 713, 711, 710, 709, 1555), 110: (2617, 4394, 2587, 4318), 131: (4423, 4424, 2708, 2468, 2469, 2470, 4603), 111: (2569, 2570, 2568, 2567, 2566), 144: (3988, 2435, 2436, 2480), 112: (2389, 2390, 2388), 156: (2239, 2238), 121: (2688, 2689, 2687, 2686, 2690, 3374), 132: (2628, 3689, 3928, 2629), 122: (3329,), 145: (3463, 3464, 2703, 2733, 2523), 123: (3448, 2552, 3449), 157: (3299, 2747, 2671, 2656, 2657), 133: (2478, 2477, 3387, 3478, 3658), 146: (2674, 3824), 134: (3704, 2554, 2704), 158: (2613, 2614, 3674), 147: (3749, 2824), 159: (3614, 2718), 0: (3783,), 251: (739,), 252: (726, 725, 724), 253: (3993, 695), 254: (696, 4203), 255: (666, 4082), 256: (634, 635, 3828, 694), 257: (3723,), 259: (4609, 4610, 4608), 260: (4623, 699, 4698), 261: (864, 863, 4429), 262: (4443, 4458), 263: (4457, 637, 636), 264: (651, 4127), 265: (650,), 267: (1306, 1305, 3216, 1246, 1307), 268: (3438, 692, 3437, 691, 690, 3003, 3004, 3005, 1200, 3096), 269: (500, 501, 502, 503, 4502, 499, 498, 497), 270: (4398, 4397, 728), 271: (516, 517, 515), 272: (514, 513, 512), 273: (3407, 647), 274: (3529, 3528), 276: (3873, 920, 3874), 277: (682, 4262, 621, 620, 619, 683, 618), 278: (4728, 4727, 684), 279: (4534, 4535, 4536, 4533, 653, 654), 280: (1314,), 281: (4567,), 282: (4491, 1373), 283: (548, 4487, 4488, 4489, 4490, 547, 546, 545, 544, 543), 284: (3543, 3542, 3544, 992), 285: (3394, 1037), 286: (3395, 1202), 288: (2093, 4630, 4629, 2092, 4376), 289: (1795, 1794), 290: (1826, 4914), 291: (1825, 4719), 292: (1764, 4628, 4764), 293: (1733,), 294: (2033, 2032, 4510, 4509, 4241), 295: (2091, 2090, 4016), 296: (3971,), 297: (3986,), 307: (962, 3530), 308: (4003, 3189, 2510, 2509, 3190, 2508, 2507, 3186, 2506, 3193, 3192, 3191, 3188, 3187, 3185, 1066, 1067, 4002, 3500), 309: (2348, 2347, 2346, 2349), 310: (4751, 4750, 4752, 2350), 311: (4748, 4749), 312: (4745, 4746, 4747, 1059), 313: (592, 591, 590, 3843, 593, 594, 4669, 595, 4743, 4744, 879), 314: (676, 677, 678, 679), 315: (3215, 3213, 3214, 3212), 316: (3231, 3230), 317: (3232, 1501), 328: (2318, 2317, 2319, 4317), 329: (4737, 4736, 2244), 330: (4735, 2049), 331: (2290, 4826, 4825, 2289, 2288), 332: (2287, 2286, 2285), 333: (2284, 2283), 334: (2282,), 335: (3402, 2357, 3447), 343: (1374,), 344: (5077, 1526, 1525, 1376, 1375), 345: (1571, 5078), 346: (5048,), 347: (1676,), 348: (4985, 4987, 4986, 4988, 1391, 1390, 1061, 1060), 349: (4790, 4789, 4788, 4787, 429, 428, 427, 426, 425, 3931, 421, 424, 423, 422, 420, 3137, 3138), 350: (3141, 3142, 3143, 3140, 3139, 3144, 1785, 3039, 1920, 1921), 351: (1890, 1891), 352: (3251, 3250), 353: (2236,), 364: (5122, 5123, 5124, 1000, 5125, 5121, 5120, 4999, 1031, 911), 365: (2096, 5020, 5126), 366: (2037, 5111), 367: (5243, 5244, 5245), 368: (5169, 5167, 5168, 1587), 369: (1900, 1901), 370: (4854, 4853), 371: (1660,), 372: (4797, 4794, 4796, 4795, 2335, 2334, 2333), 373: (4152, 2406, 2361, 2360, 2407, 2408, 2409, 4798), 374: (2359,), 375: (2403, 3627, 3657), 1: (3902,), 387: (577, 576, 575), 388: (4565, 4566, 4564, 4308, 833, 832, 4307), 389: (4761, 1254, 1253), 390: (4896, 4897, 1255), 391: (5138, 1330, 5137, 1331), 392: (1691, 5153, 1690, 5154, 5155, 5156), 393: (4868,), 394: (1570,), 395: (4947, 4948, 4946, 4945, 4944, 4943, 2455, 2454), 396: (2453, 2452, 2451, 2450), 397: (3898, 2449, 3897), 398: (3867, 3868), 2: (847,), 409: (4399, 862), 410: (4383, 4384), 411: (336, 337, 4321, 4381, 4382, 335), 412: (668, 667, 4277, 4276, 352, 351), 413: (1511, 1510, 4867, 4866, 2066, 4865, 2065, 4864, 4863, 5182, 5183, 5184, 5185, 670, 669), 414: (2064, 4675, 4676), 415: (2394, 4677, 4557, 4556, 4588), 416: (2495, 2496, 2497, 2498), 417: (3569, 3568, 2673, 2493, 2494), 418: (2672,), 419: (3434,), 429: (5091, 476, 5092, 469, 5090, 5089, 5088, 5087, 475, 574, 474, 473, 472, 573, 471, 470, 3782, 3617), 430: (5093,), 431: (5006, 5007, 5005, 5004, 5003, 1601, 2486, 2485), 432: (2483, 2484, 2482, 4333), 433: (4258, 4259), 434: (2586, 4198), 435: (3974, 2615, 2616, 4214), 436: (3839, 2750), 437: (3869, 2705), 438: (2598, 2599, 3628), 3: (1218,), 448: (1053, 3575), 449: (1262, 3545, 1263, 3546, 3516), 450: (1365, 1366, 3381), 451: (3129, 1680, 3068, 3067), 452: (3234, 1816, 3233, 1606), 453: (3099, 3100, 3101, 1637, 3102, 3098, 1636), 454: (3207, 2386), 455: (2430, 3133), 456: (3164, 3163), 457: (3314, 2641), 458: (3388, 2611), 459: (3479, 2642), 460: (2749, 2748), 472: (2088,), 473: (2163, 3626, 3506), 474: (2132, 3386, 3385, 2027), 475: (3445,), 476: (3446,), 477: (2237,), 478: (3492, 3493), 479: (3509, 3508, 2432), 480: (2582, 3733, 2583), 481: (3734,), 482: (2763,), 298: (2321, 4977), 299: (2245, 4841), 300: (4855, 4856, 2125), 301: (2020, 2021, 5035, 5050), 302: (1931, 5019), 303: (1886, 1885), 304: (4989, 4990, 2080), 305: (4541, 2078, 2079, 2243, 2242, 2241), 306: (2240, 4047, 4048), 318: (605, 4007, 561), 319: (563, 566, 562, 4292, 564, 565), 320: (5043, 5042, 5058, 5059, 5060, 5045), 321: (5046, 5047, 1421), 322: (1466,), 323: (4942, 4941), 324: (4940, 4939), 325: (970, 969, 4894), 326: (755, 756, 757, 758, 759, 754, 753, 752, 4653, 4654, 4655), 327: (3307, 3306, 3308, 3305, 3304, 1622), 336: (4778, 1600, 4838, 1509, 4839), 337: (1721, 5079, 1720), 338: (5080, 2022), 339: (2397, 5230, 5231, 5232, 1917), 340: (5128, 2382, 2381, 2380, 2379, 4573, 4574), 341: (2646, 2647, 2648, 2645, 3943, 3942, 2345, 2644, 3719, 3718), 342: (2448, 2447, 3433), 354: (4446, 1298), 355: (1763, 4448, 4447, 1687), 356: (1688, 4614, 4615), 357: (1929,), 358: (1945, 1944), 359: (4870, 4871), 360: (2425, 4872, 2260), 361: (2422, 2423, 2424, 4707), 362: (2418, 2419, 2420, 2417, 2416, 2421), 363: (2281, 3221, 2206, 2205, 3267), 376: (4414, 4413, 802), 377: (4474, 4475, 4476, 1388, 878), 378: (1568, 4477), 379: (1419, 1418, 4732, 1420), 380: (4807, 4808), 381: (1750,), 382: (4704, 1749, 4703), 383: (4600, 4599, 1868, 4601, 4602), 384: (2272, 2273, 2271, 2270, 3987), 385: (2374, 2373, 2375, 2372, 2371, 2376), 386: (2402, 3462), 399: (968, 967, 4549), 400: (4550, 4551, 4553, 4552, 1538), 401: (4613,), 402: (1569, 4672), 403: (1539,), 404: (4733, 1689), 405: (4781, 4780, 4779), 406: (2513, 2514, 2515, 4783, 4782, 4468, 2558), 407: (2557, 2556, 2555), 408: (3854, 3853), 420: (4067, 396, 395), 421: (3662, 394, 3692), 422: (529, 3737), 423: (3947, 530, 665), 424: (560, 559, 3977), 425: (589, 3797, 454), 426: (707, 3171, 706, 3168, 3169, 3170, 3172, 3173, 3174, 3175, 3176, 3177, 3178, 3179, 708, 3678), 427: (2702, 2701), 428: (2717,), 439: (1517, 3412, 3472), 440: (1562, 1561), 441: (1876, 3264, 3263, 3340, 3341, 2177), 442: (3342, 2251, 2252, 3343), 443: (2808, 2809, 2807, 3404, 3403, 2522, 3313), 444: (2707, 4229, 4228, 2676, 2675, 3914), 445: (2721, 2720, 2723, 2719, 2722), 446: (3659,), 447: (2553, 3524, 2643), 461: (723, 3603, 722, 3378), 462: (3379, 1022, 3380), 463: (1171, 3291, 1231), 464: (3201, 1335), 465: (3161, 3159, 3160, 3157, 3158, 3162), 466: (2011, 3205, 3131, 2161, 2162), 467: (3401, 2267, 2268, 2269, 3882), 468: (3883, 2434), 469: (2524, 2525), 470: (2734, 3809, 3808), 471: (3779,), 483: (3471, 3470, 1337, 3366, 1232), 484: (3367, 3368), 485: (3249, 1726, 3248), 486: (3219, 2086, 3220, 3218, 2101), 487: (2102,), 488: (2193, 3476, 3522), 489: (2194, 3687, 2223), 490: (2658, 3583, 3582, 3581), 491: (3644, 2778, 2777, 2776), 492: (3629,)}, 'chain_break_method': 'majority_vote', 'embedding_parameters': {}, 'chain_strength': 5354.0299938428925}
