Config: N_1000-2541.4542239890093s-1_A200
Number of source variables: 114
Number of target variables: 1816
Time Elapsed: 170.73358392715454
Best State: [0 0 1 0 0 1 0 0 0 1 0 0 0 1 0 0 0 0 0 0 1 0 1 0 0 0 0 0 0 0 0 0 1 0 0 0 1
 1 0 0 0 0 0 0 1 0 0 0 0 1 1 0 0 1 0 0 0 0 0 0 1 1 1 1 0 0 0 0 0 0 0 1 1 1
 1 1 1 1 1 1 1 1 1 1 1 0 1 0 0 0 0 0 0 0 1 1 1 1 1 1 1 1 1 1 1 1 1 1 1 1 1
 0 1 1]
10781.0	0.008771929824561403
ChainStr/ChainLen: 2541.4542239890093/25
Info: {'qpu_sampling_time': 365600.0, 'qpu_anneal_time_per_sample': 200.0, 'qpu_readout_time_per_sample': 145.06, 'qpu_access_time': 381525.17, 'qpu_access_overhead_time': 2835.83, 'qpu_programming_time': 15925.17, 'qpu_delay_time_per_sample': 20.54, 'total_post_processing_time': 11.0, 'post_processing_overhead_time': 11.0}
Embedding Info: {'embedding': {1: (2619, 2618, 2617, 2616, 2620, 5699, 2621, 2622, 2623, 5188, 5187, 2624, 2615, 4004), 0: (5109, 1346, 2712, 5108, 5107, 1345, 1344, 1343, 5110, 5111, 5112, 5113, 5114, 5106, 1302, 1342, 5189, 2786), 2: (5499, 5500, 5501, 5502, 5503, 5498, 1543, 5392, 5391, 1273, 1272, 1271, 1270, 5504, 1269, 1268, 5181, 1573, 1572, 1267), 3: (4049, 2588, 4002, 2587, 2586, 2585, 2589, 2590, 2591, 2592, 2593, 4003, 2594), 4: (4930, 4931, 4932, 4933, 4929, 4934, 1435, 4928, 2711, 4927, 4926, 1434, 1433, 1432), 5: (2499, 2500, 2501, 2498, 2497, 2496, 2495, 2502, 2503, 2504, 4438), 6: (2349, 2348, 2347, 2350, 4302, 4303, 4304, 2346, 2351, 2352, 2353, 2354, 4301), 7: (2514, 2513, 2512, 2511, 2515, 2516, 2517, 2518, 2519, 4948, 2510, 5668, 5667), 8: (2439, 2440, 2441, 2442, 2443, 2444, 2438, 2437, 2436, 2435, 2434, 3898), 9: (2724, 2723, 2722, 4244, 4243, 4439, 2725, 2726, 2727, 2728, 2421, 2729, 2721, 4242), 10: (4570, 1898, 1899, 1900, 1901, 4453, 1973, 4450, 4451, 4452, 1897, 1896, 1902, 1903, 4454, 1895), 11: (5468, 1649, 1407, 5603, 5604, 5605, 5606, 5607, 5608, 5467, 5466, 5469, 1408, 1406, 5609, 1405, 1404, 5470, 1403, 1402), 12: (2259, 2260, 2261, 2262, 2263, 2258, 2257, 4334, 2256, 2255, 4332, 4333, 2264), 13: (2126, 2125, 2127, 2124, 2123, 5126, 5129, 2128, 5127, 2129, 2122, 2121, 5128), 14: (4639, 4644, 4643, 4642, 4647, 4645, 4646, 4648, 4641, 4640, 1614, 4649, 2768), 15: (5408, 1197, 5407, 5406, 1708, 5543, 4341, 5544, 5545, 5546, 5547, 1193, 5548, 1678, 1198, 1196, 1195, 1194, 1192, 5549, 1964), 16: (4899, 4900, 4901, 1975, 4898, 4903, 1974, 4902, 4904, 4897, 4896, 4895, 1676), 17: (1782, 1781, 1780, 5263, 1779, 5169, 5274, 5275, 5276, 5259, 1778, 1777, 5260, 5261, 5262, 1783, 1784, 5264, 1776), 18: (5243, 5244, 5245, 5246, 5249, 5247, 1317, 5242, 5241, 1316, 5248, 1315, 1314, 5240), 19: (2692, 2691, 2690, 3914, 5638, 3913, 2693, 2694, 2695, 2696, 2697, 2698, 2699, 5639, 5637, 4574), 20: (1643, 4358, 4493, 4356, 4118, 4494, 4119, 1642, 1641, 4492, 4120, 4121, 1508, 1509, 1510, 4357, 4122, 4123, 1511, 1512, 4124, 5333, 1618), 21: (1674, 4585, 1583, 4584, 4583, 4582, 4586, 4587, 4588, 1675, 4581, 4589, 4580), 22: (4705, 4704, 4702, 4703, 4706, 4707, 4708, 4709, 2784, 2785, 4701, 4700), 23: (4674, 4675, 4676, 4677, 4671, 4678, 4673, 4672, 4670, 4679, 2769, 2770, 5009, 2771), 24: (2093, 2094, 2095, 2096, 2097, 2098, 2099, 2092, 4361, 4362, 4363, 4364, 2302, 2301), 25: (2335, 2336, 2337, 2334, 2333, 5007, 5008, 2338, 2339, 2332, 2331), 26: (1213, 5360, 1138, 1768, 5483, 1137, 5576, 1136, 5577, 1135, 5482, 5481, 5484, 5485, 2009, 5575, 5578, 1134, 5121, 5579, 1133, 1132, 2008), 27: (4180, 1956, 1657, 4179, 1659, 4178, 1658, 1660, 1661, 4091, 1662, 4569, 4090, 4092, 4093, 1663, 1664, 4094, 5453, 5363, 5348, 5349), 28: (5019, 1887, 5020, 5021, 1886, 5018, 5017, 5016, 1811, 5015, 1810, 5022, 5023, 5024, 1809), 29: (4960, 4961, 1977, 4962, 4963, 4964, 1885, 1884, 1883, 1882, 1976, 1978, 1979, 1881), 30: (4225, 4375, 4374, 4373, 2002, 4372, 4371, 2003, 4226, 4227, 1448, 1449, 4228, 4567, 4370, 1118, 1119, 1120, 1121, 1122, 4229, 1123, 1124), 31: (2139, 2140, 2141, 2138, 4466, 2137, 4316, 4317, 2142, 4318, 2136, 2143, 2144, 4319), 32: (4435, 4436, 1211, 2168, 4034, 2167, 1209, 2166, 4434, 4433, 4432, 4033, 4431, 1208, 4031, 4032, 4001, 1210, 1212, 4437), 33: (2605, 3970, 2604, 2603, 2602, 2601, 2600, 2606, 2607, 2608, 3943, 3942, 2609, 3941, 2150, 4046, 5278, 2045, 2195), 34: (4554, 1733, 4555, 4556, 4558, 4559, 4557, 1734, 4553, 1738, 4552, 1735, 1736, 1737, 1613, 1612, 1611), 35: (2559, 2560, 4018, 2561, 2562, 2563, 2564, 2558, 2557, 4138, 2556, 4017, 4139), 36: (5288, 5289, 5421, 5290, 5287, 2427, 1392, 1391, 4491, 1390, 1389, 5291, 5292, 5293, 5294, 1388, 1318, 1283, 1282, 2426), 37: (2530, 2529, 2528, 2527, 2526, 2531, 5053, 5052, 2532, 2533, 2534, 2525, 5051), 38: (4854, 4857, 4856, 4855, 4853, 4852, 4851, 4850, 1105, 1104, 2170, 4858, 4859, 1103), 39: (4795, 4794, 4793, 4792, 4796, 4797, 1704, 1703, 4791, 1702, 4798, 4799, 2110, 4790), 40: (5197, 1480, 5198, 5196, 5195, 5199, 5200, 5201, 5202, 1482, 1481, 1077, 1076, 1075, 1074, 5203, 5204, 1073, 1072), 41: (4465, 4464, 1298, 2033, 2032, 2031, 4076, 4077, 4461, 4078, 4079, 4463, 4462, 1299, 1300, 1301, 4551, 4550, 4460, 4957), 42: (4915, 4916, 4917, 4919, 4918, 4914, 4912, 4913, 4911, 2425, 1765, 4910, 2424, 2423), 43: (2410, 5322, 2411, 2409, 2408, 2407, 2406, 2412, 2413, 5323, 2405, 2414), 44: (1241, 5094, 5093, 1571, 4958, 5095, 2007, 5170, 5171, 5172, 1238, 5092, 4959, 5091, 5090, 1586, 5174, 1585, 5173, 1240, 1239), 45: (4390, 1972, 4109, 1971, 4107, 4389, 4300, 4105, 4106, 4108, 1856, 1853, 4388, 4387, 1854, 1855, 1857, 1387, 4402, 4401), 46: (2079, 2080, 2081, 2082, 2078, 2077, 4376, 4377, 5350, 2083, 4378, 4379, 2076, 2084), 47: (2063, 2062, 2061, 4256, 4257, 4258, 4392, 4259, 4391, 2064, 2065, 2066, 2067, 2068, 2069), 48: (2649, 2650, 2648, 2647, 2646, 2645, 2651, 3926, 2652, 3928, 3925, 3927, 2653, 2654, 3924, 1775, 5324), 49: (4629, 4630, 4631, 1647, 4632, 4633, 4628, 1644, 4627, 4626, 4634, 4625, 1645, 1646), 50: (5364, 5367, 5366, 5365, 1933, 1932, 1931, 1930, 1929, 1928, 5368, 4299, 5369, 1927, 1934, 4945, 4944, 1807), 51: (5003, 1766, 1767, 5229, 5124, 1812, 1813, 1814, 5529, 5530, 5531, 5532, 5533, 1720, 5002, 5001, 5000, 1091, 5534, 1090, 1089, 5230, 1088), 52: (4750, 4749, 4748, 4746, 4747, 4745, 4751, 4752, 4753, 4754, 1524), 53: (2469, 2470, 2471, 2472, 2468, 2467, 2466, 2473, 2465, 2474), 54: (2320, 2319, 2318, 2317, 3884, 2316, 2315, 3882, 2321, 2322, 2323, 2324, 3883, 5277), 55: (2019, 2018, 4406, 4407, 2017, 2016, 2020, 2021, 2022, 2023, 2024, 4408, 4409, 5185, 5186), 56: (4315, 4314, 4313, 1957, 4255, 1911, 4195, 4298, 4196, 1167, 4297, 4296, 4295, 1162, 1910, 1163, 1164, 1165, 4197, 4199, 4198, 1166), 57: (2199, 2198, 2197, 2196, 4062, 4063, 2200, 2201, 2202, 2203, 4064, 2204), 58: (2184, 2185, 2186, 2187, 2188, 2189, 5006, 2183, 2182, 4271, 4272, 4273, 2181, 5471, 4016, 2075, 3986, 3987, 3989, 3988, 5005, 2720), 59: (1251, 4131, 4132, 4133, 4134, 4137, 4135, 4136, 1252, 1253, 1254, 1255, 1256, 1926, 2091, 2090, 3971, 3972, 3973, 3974, 4476, 5046, 1257, 1791), 60: (5273, 1177, 5270, 5272, 5271, 1692, 5213, 1180, 5214, 1693, 5514, 5515, 5516, 5517, 5518, 5519, 1691, 1182, 1181, 1179, 1178, 5215), 61: (1237, 4311, 4312, 4281, 1149, 4282, 4283, 4284, 4386, 4285, 1147, 4286, 4287, 1148, 1150, 4288, 1747, 1151, 4289, 2107, 4475, 1152), 62: (5378, 1633, 5380, 1632, 5384, 1631, 1630, 1629, 5379, 5381, 5382, 5383, 1628, 1627, 1626, 1918), 63: (5394, 1798, 1797, 5393, 1796, 5488, 1795, 5395, 2113, 5486, 5487, 1794, 1793, 1792, 5489, 1603, 4239), 64: (2454, 2453, 2452, 2451, 2450, 2455, 2456, 4168, 2449, 2457, 2458, 2459), 65: (5140, 5139, 1962, 5135, 1963, 5141, 5142, 1961, 5143, 5144, 5138, 5137, 5136, 1916, 1960, 1959, 1958), 66: (4824, 4825, 2306, 4826, 2305, 4827, 4828, 4829, 4821, 4823, 4822, 2304, 4820, 2303), 67: (5065, 5064, 5063, 5062, 5061, 2006, 5066, 5069, 5068, 5067, 5060, 2005, 2004), 69: (2393, 2394, 2395, 2396, 2397, 2398, 2399, 2392, 2391, 2390, 4167, 3912, 4166), 70: (4839, 2034, 4840, 4841, 4842, 4843, 4838, 4837, 4836, 4835, 4844, 2035), 71: (4510, 4511, 2108, 4512, 4513, 4509, 4514, 4508, 1553, 1554, 1555, 4507, 4506, 1823, 1556, 4505, 1557), 72: (4615, 4614, 4613, 4616, 4617, 4618, 4619, 4612, 1523, 1718, 4611, 4610, 1479), 74: (4600, 4599, 4598, 4597, 4596, 4595, 1584, 4601, 4602, 4603, 4604), 75: (4720, 4719, 4721, 4722, 4723, 4718, 4717, 4716, 4715, 2109, 4724), 76: (4989, 1915, 4990, 2111, 4986, 1914, 1913, 4988, 4987, 4360, 4991, 4992, 4993, 4985, 1912, 4994, 4330, 4329), 77: (4481, 2049, 2048, 4480, 4482, 2054, 4483, 2050, 4479, 2051, 2052, 2053, 2047, 2046, 4484), 79: (4780, 4779, 4778, 4777, 4776, 4775, 4781, 4782, 1539, 4783, 4784, 1538, 1537), 80: (2036, 5050, 1359, 5049, 1361, 5048, 5047, 5166, 2039, 5165, 1360, 1358, 4941, 2037, 2038, 5560, 5561, 5562, 5563, 4946, 5564, 4942), 81: (5034, 5031, 5033, 5032, 5037, 1496, 1495, 1494, 5035, 5036, 4568, 5038, 1493, 5039, 5030, 1451), 82: (2380, 2381, 2382, 2383, 2379, 2378, 2377, 2376, 2384, 5427, 5428, 5429, 2375, 3853), 83: (2633, 3958, 2634, 2635, 2636, 2637, 2638, 2632, 2631, 2630, 3957, 2639), 84: (4975, 4976, 4977, 4978, 2171, 4974, 1690, 1689, 4973, 4972, 1688, 1687, 4971, 4979, 2172), 85: (2154, 2153, 2152, 4346, 4348, 4349, 4347, 2155, 4571, 2156, 2157, 2158, 2159, 2736, 2151, 2737), 86: (4884, 4885, 4882, 4886, 4887, 4888, 4883, 4881, 4889, 2752, 4880, 1465, 1464, 2755, 2754, 2753, 2751), 87: (4807, 4809, 4808, 4810, 4806, 4805, 4811, 4812, 4813, 1285, 1284, 4814), 88: (2680, 2679, 2678, 2677, 5474, 2676, 2681, 2682, 2683, 5473, 5472, 2684, 2675, 2308, 4169, 5054, 2309), 89: (2365, 2364, 2363, 2362, 2366, 2367, 2368, 2369, 5592, 2361, 2360, 5593, 5594), 90: (4734, 4735, 4739, 4736, 4733, 4732, 4731, 4737, 4738, 4730, 1764), 91: (1873, 1872, 1871, 5454, 5455, 5456, 5459, 5457, 1870, 1869, 5458, 1868, 1867, 1866, 1865), 92: (5153, 5154, 5155, 5156, 5152, 5157, 5158, 1421, 5151, 1526, 1418, 1525, 5159, 1422, 1420, 1419, 1423, 1417), 93: (4524, 4525, 4529, 4526, 4527, 4528, 4523, 4522, 4521, 1748, 1749, 1750, 1751, 1752, 1753, 4520), 94: (4540, 4539, 4538, 4537, 4536, 4541, 4542, 4543, 1763, 4544, 1824, 1825, 4535, 1826, 5004, 1827, 4448, 1717), 95: (5076, 5075, 5077, 1001, 1436, 5078, 5079, 5080, 5081, 5082, 4444, 5083, 5084, 1000, 999, 998, 997, 4430, 4849, 1437, 4834, 1438, 1677, 4804), 96: (1839, 1838, 4420, 4421, 4422, 4423, 1837, 4424, 1840, 1841, 1842, 1843, 1836, 1844, 5125), 97: (2291, 2292, 5398, 2293, 2294, 2290, 2289, 2288, 2287, 2286, 2285, 5396, 5399, 5397), 98: (2574, 2575, 2576, 2577, 2578, 2579, 2573, 4394, 4393, 2572, 2571, 2570), 99: (5320, 5321, 2173, 5442, 2174, 5319, 5318, 5317, 5444, 1332, 1331, 1330, 1329, 1328, 5441, 5443, 1917, 1453, 1327, 5316), 100: (5303, 5304, 5305, 5302, 1599, 1602, 1601, 1600, 5306, 5309, 5307, 5308, 1598, 1527, 1597, 1528, 1596), 101: (1989, 1990, 1991, 1992, 1988, 1994, 4495, 4496, 4497, 4498, 4499, 1993, 1762, 4405, 4404, 1673, 1761), 102: (4654, 4659, 2169, 4658, 4660, 4661, 4662, 4663, 4657, 4656, 4655, 4664, 1374), 103: (2545, 2546, 3868, 2547, 2544, 4573, 2543, 2548, 2549, 2542, 2541, 2540, 3867, 2239, 5218, 5219), 104: (2216, 2215, 2214, 2213, 2212, 2211, 2217, 2218, 5426, 3822, 5231, 5232, 5233, 2219, 4181, 2210, 3821, 2299, 2300, 5234), 105: (1672, 4209, 4210, 4211, 4212, 4213, 4328, 1552, 4447, 1463, 4446, 1223, 4445, 4214, 1224, 1225, 1226, 1313, 1227), 106: (1947, 1948, 5410, 5411, 5412, 5413, 5414, 1946, 1945, 1944, 1943, 1942, 1941, 5440, 1949, 5184, 5183, 4060, 4061), 107: (2245, 2244, 2243, 2242, 2246, 2247, 2248, 2249, 2241, 5351, 5352, 5353, 2240, 5354), 108: (5258, 4943, 1707, 5334, 5335, 5336, 5339, 5337, 1617, 1616, 1615, 1570, 1569, 5338, 1568, 1567, 4477, 5257), 109: (2665, 2664, 2663, 2666, 2662, 2661, 2667, 2668, 2669, 2660, 4468, 4467, 4184), 110: (4689, 4690, 4691, 4688, 4687, 4692, 4693, 4694, 4686, 4685, 2739, 2738, 4469, 2767, 2766), 111: (2485, 2484, 2486, 2487, 2488, 2489, 5217, 2483, 2482, 2481, 2480, 5216, 2307), 112: (2273, 2274, 2275, 2276, 2277, 2278, 3956, 2272, 2271, 2279, 2270, 2269, 5697, 5698, 4182, 4183, 4572), 113: (4868, 1031, 4874, 4869, 4870, 4871, 4872, 4873, 4867, 4866, 4865, 1030, 1029, 1540, 2710, 2709), 114: (2230, 2229, 2228, 2231, 5096, 4947, 5097, 5098, 5099, 2232, 2233, 2234, 2227, 2226, 2225), 115: (4765, 4766, 4767, 4768, 4764, 4763, 4762, 4761, 4760, 4769, 1719), 116: (1062, 4149, 4417, 4419, 1357, 4342, 1477, 1476, 1058, 4043, 4044, 4045, 4416, 4415, 1059, 4418, 1821, 1822, 4150, 4151, 4152, 4153, 4154, 1060, 1061)}, 'chain_break_method': 'majority_vote', 'embedding_parameters': {}, 'chain_strength': 2541.4542239890093}
