Config: N_1000-2564.0453724813174s-1_A200
Number of source variables: 112
Number of target variables: 224
Time Elapsed: 0.9405169486999512
Best State: [0 0 1 0 0 0 0 0 0 1 0 0 0 0 0 0 0 0 0 0 0 0 0 0 0 0 0 0 0 0 0 0 0 0 0 0 0
 1 1 0 0 0 0 1 1 1 1 1 0 1 1 1 1 0 1 1 1 0 1 0 0 0 0 0 0 0 0 0 0 0 0 0 1 1
 1 1 0 0 0 0 0 0 0 0 0 0 0 0 0 0 0 0 0 0 0 0 0 0 0 0 0 0 1 1 1 1 1 1 1 1 1
 1]
555.0	0.0
ChainStr/ChainLen: 2564.0453724813174/4
Info: {'qpu_sampling_time': 338220.0, 'qpu_anneal_time_per_sample': 200.0, 'qpu_readout_time_per_sample': 117.68, 'qpu_access_time': 354145.97, 'qpu_access_overhead_time': 1953.03, 'qpu_programming_time': 15925.97, 'qpu_delay_time_per_sample': 20.54, 'total_post_processing_time': 27.0, 'post_processing_overhead_time': 27.0}
Embedding Info: {'embedding': {43: (4213, 2406, 4212, 4287), 44: (4243, 4242, 2451), 49: (4258, 4257, 4256, 2467), 45: (2377, 2378), 50: (4392, 4393, 2332), 46: (2527, 4197, 4198), 51: (4347, 2392, 4228), 47: (2542, 2543, 4438), 52: (4408, 2407), 48: (4183, 4182, 2496), 53: (2511, 2512), 54: (2483, 2482, 4467), 55: (4332, 2317, 4333), 56: (2452, 4378), 57: (4317, 2362, 4318, 4319), 58: (2437, 4452, 2436), 59: (4423, 2498, 2422), 60: (4272, 4273, 4274, 2421), 61: (4302, 4303), 62: (2572, 4348), 63: (2497, 4288), 3: (4211,), 8: (2301,), 4: (4241,), 14: (4181, 2241), 5: (2466,), 25: (4286, 2256, 2226), 6: (4453,), 31: (4437, 2213, 2198), 7: (2495,), 37: (4063, 4064), 9: (2137,), 15: (2182,), 10: (2333,), 20: (2242, 4331), 11: (2481,), 26: (4316, 2257), 12: (2528, 2529), 32: (4407,), 13: (3913, 2510), 38: (4078, 4077), 16: (2318,), 21: (4466, 2153), 17: (2316,), 27: (4451, 2272), 18: (2602, 2603), 33: (2453, 4482), 19: (2751, 2752), 39: (2723, 2722, 2721), 22: (2347, 2346, 2348), 28: (2423, 2438, 4647), 23: (2573, 4439, 4424), 34: (4573, 4574), 24: (2782, 2781, 2783), 40: (2797, 2796), 29: (2617, 4334), 35: (2661, 2662, 2663), 30: (4349, 2737), 41: (4138, 2571), 36: (2601,), 42: (4214, 2557), 0: (4091,), 64: (2151, 4121), 65: (4196,), 66: (2197,), 67: (2211, 2212, 4062), 69: (2167,), 70: (4301,), 71: (2302,), 72: (2286, 2287), 74: (2152,), 75: (2183, 4376), 76: (2393, 4377, 2394), 77: (4618, 2724, 4619), 79: (2379, 4557), 80: (4588,), 81: (4469, 2678, 4589), 82: (4454,), 86: (4122,), 87: (4137,), 88: (4093, 4092, 2361), 89: (2646,), 90: (4199, 2616), 1: (4468,), 95: (4558, 2513), 96: (2588, 4483), 97: (2587,), 98: (4409,), 99: (2631, 2632), 100: (4229,), 2: (4018,), 105: (4003,), 106: (4004, 2645), 107: (4169, 2736), 108: (2767, 2766), 109: (2692, 4244, 4364), 110: (2586, 4168), 83: (4422, 2303), 84: (4513, 4512), 85: (4514, 2693), 91: (2228, 2227), 92: (4587, 4527, 2288), 93: (4394, 2558, 4528), 94: (2677, 2676), 101: (2363,), 102: (4498, 4497, 2468), 103: (2648,), 104: (4259, 2707, 2647), 111: (2706, 4079), 112: (4139,), 113: (4124, 4123), 114: (2556,)}, 'chain_break_method': 'majority_vote', 'embedding_parameters': {}, 'chain_strength': 2564.0453724813174}
