Config: N_1000-2654.7678786428173s-1_A200
Number of source variables: 114
Number of target variables: 1733
Time Elapsed: 122.3113067150116
Best State: [0 0 1 0 0 0 0 0 1 0 0 0 0 1 0 0 0 0 0 0 0 0 0 1 0 0 0 0 1 0 0 1 1 0 0 0 0
 0 0 1 0 0 0 0 1 0 0 0 1 1 0 0 0 1 0 0 0 0 0 0 1 1 1 1 1 0 0 1 0 0 0 1 0 0
 0 0 0 0 0 0 0 0 1 1 1 1 1 0 0 1 1 1 1 1 1 1 1 1 1 1 1 1 1 1 1 1 1 1 1 1 1
 1 1 1]
5956.0	0.017543859649122806
ChainStr/ChainLen: 2654.7678786428173/23
Info: {'qpu_sampling_time': 356820.0, 'qpu_anneal_time_per_sample': 200.0, 'qpu_readout_time_per_sample': 136.28, 'qpu_access_time': 372743.97, 'qpu_access_overhead_time': 2044.03, 'qpu_programming_time': 15923.97, 'qpu_delay_time_per_sample': 20.54, 'total_post_processing_time': 71.0, 'post_processing_overhead_time': 71.0}
Embedding Info: {'embedding': {1: (3921, 1400, 3997, 3920, 1115, 3919, 3918, 1401, 3917, 3916, 1399, 1398, 1397, 1396, 3457), 0: (694, 695, 696, 697, 4248, 4247, 693, 692, 691, 698, 690, 699), 2: (1326, 1325, 4234, 4237, 4236, 4235, 4233, 1324, 1323, 4232, 1322, 1321, 1320), 3: (1025, 1026, 4205, 4206, 1023, 1024, 1022, 4204, 1027, 4203, 4202, 1021, 1020), 4: (425, 426, 427, 424, 423, 422, 421, 4037, 4038, 4042, 4039, 4040, 4041, 420), 5: (3321, 3320, 3319, 3318, 3317, 3322, 3323, 3324, 3316, 1696, 3315, 1697, 3325, 1698, 1699), 6: (560, 3857, 561, 562, 563, 559, 558, 557, 556, 555, 564, 4157, 4158, 3856), 7: (1145, 1144, 1143, 1146, 1147, 4340, 4339, 1142, 4338, 1141, 1140, 4337, 4160, 4336, 4161), 8: (679, 680, 681, 678, 677, 682, 683, 676, 675, 684), 9: (3155, 3153, 3156, 3157, 3158, 3159, 1126, 1127, 1128, 3154, 3152, 3151, 3150, 3160), 10: (1205, 1204, 1203, 1206, 1202, 1201, 4130, 4128, 4129, 4127, 4126, 1200, 1207, 4125), 11: (622, 4457, 4458, 271, 4459, 4460, 1177, 4326, 4456, 277, 4455, 3915, 276, 275, 274, 273, 272, 270, 621, 4461, 1372), 12: (1368, 4266, 2989, 1367, 1366, 1369, 1370, 1365, 1371, 3036, 1260, 2991, 2990, 2988, 2987, 2986, 3047, 3051, 3050, 3049, 3048, 4207, 330), 13: (3663, 3662, 3667, 3664, 3665, 3666, 3668, 3661, 3669, 1608, 618, 3670, 318, 317, 316, 3660, 1624), 14: (3832, 3833, 3825, 3831, 3827, 3830, 1414, 1413, 1412, 1411, 1415, 3829, 3828, 3826, 1410, 1039), 15: (321, 4141, 4142, 320, 319, 3706, 4145, 4143, 4144, 4146, 240, 4147, 243, 242, 241, 3705, 1506), 16: (1081, 3140, 3139, 3138, 3137, 1082, 1083, 1084, 3141, 3136, 1085, 1086, 3142, 1087, 1425), 17: (996, 4548, 997, 998, 4550, 4549, 993, 4547, 995, 994, 992, 991, 3455, 990), 18: (1221, 1220, 1219, 1218, 1217, 1222, 4265, 1216, 1215, 1223, 4264, 4263, 4262, 4261), 19: (875, 3454, 874, 873, 872, 871, 876, 877, 878, 4579, 4578, 4577, 870, 4249, 4250), 20: (3619, 3618, 3620, 3617, 3621, 3622, 3615, 1308, 1307, 3616, 3623, 3624), 21: (3771, 3770, 3769, 3768, 1668, 3772, 3773, 3767, 3766, 3765, 1669, 1667, 1054, 1666), 22: (3380, 3383, 3379, 3378, 3377, 3381, 1336, 3382, 1817, 3376, 3375, 3384, 1818, 1819), 23: (3184, 3185, 3186, 3180, 3187, 1565, 3183, 1563, 3182, 1561, 3188, 3181, 1562, 3189, 1564, 3878, 3877), 24: (3544, 3545, 3543, 3542, 3541, 738, 737, 3546, 3547, 3548, 3549, 1172, 3540), 25: (3516, 3517, 3515, 3514, 3513, 3512, 617, 3511, 286, 3518, 3519, 3510, 3520, 287, 288), 26: (3946, 365, 3947, 3948, 3949, 3950, 364, 363, 362, 361, 360, 3951, 3945), 27: (3531, 3530, 3529, 3528, 3527, 3532, 3533, 3526, 3534, 3535, 257, 3525), 28: (500, 501, 502, 503, 4427, 4428, 499, 498, 497, 496, 504, 495), 29: (3561, 3560, 1352, 3562, 3563, 1906, 3559, 3558, 3564, 3557, 3555, 3556, 1907), 30: (3846, 3845, 3428, 3844, 3843, 3842, 3841, 3847, 3848, 1579, 1578, 1577, 3840, 94, 93, 1576, 1580, 1575, 259), 31: (1549, 3906, 3905, 1174, 3902, 3904, 3903, 3907, 1548, 1547, 1546, 1545, 3901, 3900), 32: (3800, 3799, 3801, 3802, 3798, 3797, 1459, 1458, 1457, 3795, 1456, 3796, 3097), 33: (3605, 3604, 3603, 3602, 3601, 3600, 3606, 1639, 3607, 3608, 3609, 723, 1638, 1637, 1636), 34: (1011, 1010, 1009, 1008, 1007, 1006, 1005, 1012, 1013, 4565, 4564, 4563, 4562), 35: (1353, 1354, 4085, 1355, 4086, 4084, 4083, 1356, 3652, 3653, 1593, 1592, 1591, 4082, 4081, 1590, 1357, 3817, 171, 4080), 36: (575, 574, 573, 572, 576, 577, 578, 579, 580, 571, 570, 4667, 4367, 4668), 37: (4517, 755, 754, 753, 756, 752, 757, 758, 4518, 759, 751, 750, 4653), 38: (229, 230, 180, 231, 4069, 3630, 620, 4066, 4067, 4068, 181, 4070, 4071, 184, 2985, 183, 182, 4036, 4072, 2970), 39: (710, 709, 708, 707, 706, 711, 712, 705, 713, 714, 4713), 40: (544, 3647, 3646, 543, 542, 541, 545, 540, 3648, 3649, 546, 547, 3650, 548, 3645), 41: (607, 4383, 4384, 4385, 606, 605, 604, 603, 602, 608, 601, 4387, 600, 4386, 4087, 1417, 1416), 42: (590, 589, 588, 587, 586, 591, 585, 3002, 3003, 592, 593, 594, 595, 765, 2974), 43: (3411, 1475, 3412, 1472, 1473, 3410, 3409, 3408, 3407, 3406, 3405, 1474, 1471), 44: (302, 3811, 304, 303, 301, 300, 3810, 3812, 3813, 3814, 305, 3815, 3816), 45: (454, 453, 452, 3031, 451, 450, 455, 456, 4276, 4277, 458, 457, 459, 4712), 46: (919, 918, 920, 3676, 921, 917, 916, 3679, 3678, 3677, 922, 4520, 915, 923, 924, 4519), 47: (3694, 3695, 769, 768, 767, 3693, 3696, 3697, 3690, 3698, 3692, 3691, 766, 3699), 48: (904, 3707, 3709, 3710, 903, 902, 905, 3708, 906, 907, 908, 901, 900), 49: (530, 4638, 529, 818, 528, 527, 526, 525, 534, 531, 532, 533, 4637, 4639, 4382), 50: (784, 783, 782, 781, 780, 3633, 3632, 785, 786, 787, 788, 3634), 51: (3575, 3576, 3570, 3577, 3574, 3573, 3572, 3571, 3578, 3579, 1623, 1622, 228), 52: (1339, 3862, 1684, 3863, 1680, 1340, 1341, 4116, 1161, 4115, 4114, 741, 4113, 1594, 3803, 3804, 4111, 1683, 1682, 4112, 3936, 1681), 53: (3394, 3395, 3392, 3396, 3397, 3398, 3393, 3391, 1038, 3390, 1037, 1036, 3399), 54: (1099, 1100, 1101, 1102, 1103, 3965, 1098, 3962, 1097, 1096, 1095, 3964, 3963), 55: (485, 486, 484, 483, 482, 487, 481, 480, 772, 488, 4352, 4353, 489, 773, 4414, 4415, 4441), 56: (4323, 950, 949, 948, 947, 951, 952, 4324, 4322, 946, 3860, 945, 4321), 57: (3201, 3200, 3198, 3199, 1381, 3202, 3203, 1382, 3197, 3196, 1725, 3195, 1383, 1384), 58: (514, 515, 3872, 3873, 513, 512, 511, 510, 516, 3874, 3875, 3871, 517, 3876), 59: (3260, 3259, 1846, 3258, 3261, 3257, 3256, 3255, 3262, 3263, 3264, 1848, 1171, 3265, 1621, 1847, 3414), 60: (3214, 3215, 3213, 3212, 3211, 3210, 1051, 256, 1052, 3216, 3217, 3218, 1053, 3219), 61: (4652, 1068, 3635, 3636, 4744, 3637, 1069, 1070, 1071, 1072, 609, 1073, 1074, 4745, 4743, 3638, 1489, 1488, 1487, 4742, 1486), 62: (411, 211, 412, 413, 3975, 4156, 4155, 216, 215, 214, 4502, 213, 212, 4504, 210, 4501, 414, 1116, 4503, 4505, 1118, 1117), 63: (3275, 3276, 3277, 3278, 3274, 3273, 3272, 3271, 3279, 3270, 1351, 1756, 3280, 1982, 1983, 1984), 64: (1236, 1235, 1234, 1233, 1232, 1231, 4191, 4190, 4189, 4188, 4187, 4131, 4176, 1237, 1230, 4186), 65: (4006, 4007, 150, 4008, 366, 367, 4005, 155, 154, 153, 152, 151, 4009, 4010, 4011, 4012, 1430), 66: (198, 3751, 3750, 3755, 199, 197, 196, 3752, 3753, 3754, 195, 3756, 3757), 67: (1249, 3786, 3787, 3788, 3789, 1250, 1834, 1833, 1832, 3981, 3980, 3979, 3978, 3977, 3099, 3976, 3861, 1831, 1055), 69: (3440, 3439, 3438, 3441, 3442, 3443, 3444, 3437, 3436, 1262, 3435, 1263), 70: (650, 651, 652, 653, 654, 649, 648, 647, 646, 645, 4398, 728, 4397), 71: (3590, 3588, 3589, 3587, 3591, 3593, 3585, 3592, 3586, 1651, 1653, 1652, 3594), 72: (860, 1313, 861, 862, 859, 863, 858, 857, 856, 4488, 4487, 855, 4486, 428, 4489, 4490, 4491), 74: (1187, 1186, 1185, 3035, 3034, 3033, 1188, 3456, 3032, 1189, 1190, 1050, 3020, 3019, 1337, 3018, 3017, 3016, 1191, 1192, 3015), 75: (3726, 3727, 3725, 3724, 3723, 3728, 1713, 1712, 3722, 1711, 3721, 3720, 1338, 3459, 1710), 76: (3501, 3502, 3503, 3500, 3504, 3498, 3499, 3497, 3496, 3495, 3505, 1757, 1758), 77: (846, 1299, 845, 847, 1014, 848, 4399, 841, 844, 843, 842, 840, 849, 4701, 4699, 4698, 4697, 4700), 79: (3229, 3230, 3231, 3232, 3228, 3227, 1532, 3226, 3225, 3233, 3234, 1531, 1533, 166, 165, 3135, 1534), 80: (830, 829, 828, 827, 826, 831, 832, 4622, 833, 4623, 4621, 825, 623, 624), 81: (3736, 3737, 3738, 3739, 409, 408, 3740, 3741, 410, 407, 3735, 739, 740, 406, 405), 82: (3351, 3350, 3349, 3352, 3353, 3354, 3355, 3348, 3347, 3346, 3345, 1967, 1968), 83: (3485, 3487, 3484, 92, 3486, 3483, 3482, 3481, 3480, 3488, 3489, 91, 3490), 84: (634, 635, 636, 3858, 637, 638, 633, 632, 631, 639, 630), 85: (3290, 3289, 3294, 3288, 3287, 3286, 3291, 3292, 3293, 1877, 3285, 1876, 1878), 86: (3170, 3171, 3172, 3173, 1246, 3169, 3168, 3167, 3166, 3165, 1247, 1248, 3174), 87: (891, 890, 889, 888, 887, 886, 885, 4446, 3859, 892, 893, 4534, 4533, 4445, 4532, 4444), 88: (3651, 1277, 1278, 1279, 1276, 1275, 3081, 3080, 3079, 3078, 1283, 3077, 1280, 1281, 1282, 4251, 615, 4506), 89: (3427, 3426, 3425, 1502, 3424, 3423, 722, 721, 720, 2973, 2972, 2971, 1503, 1504, 1505, 390, 3076), 90: (469, 468, 467, 3452, 470, 471, 472, 466, 3453, 465, 473, 3046, 375, 474), 91: (170, 169, 168, 167, 3420, 227, 226, 3990, 3991, 3992, 3993, 3994, 3995, 3996, 225), 92: (800, 799, 798, 797, 796, 4278, 801, 802, 803, 795, 804, 4728, 4727), 93: (953, 4400, 4474, 4401, 1268, 1267, 4473, 1266, 1265, 1264, 3681, 3680, 3682, 3683, 3684, 1173, 1773, 1772, 1771, 4472, 4471, 3685), 94: (3112, 3113, 1441, 1442, 1443, 3111, 3110, 1444, 3109, 3108, 3107, 3106, 3105), 95: (964, 965, 966, 963, 962, 961, 3782, 960, 3784, 3783, 967, 3785, 968), 96: (1297, 1298, 1296, 1295, 1294, 1293, 1292, 1291, 4311, 4310, 4309, 4308, 4306, 4307), 97: (1309, 3712, 1429, 3742, 3743, 1744, 1743, 1310, 1311, 1312, 4296, 4295, 4294, 4293, 4292, 1742, 1741, 4291, 3711), 98: (1131, 1132, 4175, 1133, 4174, 4173, 4172, 1130, 1129, 1114, 1113, 1112, 1111, 4325, 1110, 4171, 1041), 99: (936, 937, 938, 939, 932, 935, 934, 933, 4684, 930, 4683, 4682, 931, 4159, 4430), 100: (981, 980, 4281, 982, 979, 978, 977, 976, 983, 4279, 4595, 4594, 4593, 975, 4369, 4592, 4280), 101: (3966, 3967, 1445, 3922, 1175, 3935, 1787, 3934, 724, 3933, 3932, 3931, 3968, 1670, 3864, 1789, 1788, 1786, 3930, 725, 1785, 3144), 102: (3892, 3888, 3891, 3890, 3889, 3893, 3894, 1729, 1728, 1727, 3114, 3887, 3886, 1802, 3885, 1726, 3429, 1801, 619), 103: (377, 3124, 378, 379, 3123, 376, 3121, 3122, 380, 381, 382, 3125, 383, 3126, 1245, 4231, 384, 4651), 104: (1290, 3067, 3066, 3065, 3064, 1515, 1516, 1517, 1518, 3063, 3062, 3061, 3060, 1500, 1519), 105: (3095, 1155, 1156, 1157, 1158, 3094, 3093, 3092, 3096, 3091, 1159, 1160, 3090), 106: (4052, 396, 395, 394, 1520, 393, 4051, 392, 4053, 4054, 4055, 397, 391, 4056, 4057, 4058), 107: (441, 442, 443, 4217, 3982, 4218, 437, 4221, 440, 439, 438, 436, 435, 4219, 4220, 4222, 1386, 1385), 108: (816, 817, 4354, 4355, 4356, 1252, 815, 814, 4443, 813, 4413, 812, 811, 810, 4429, 743, 4412), 109: (3364, 3367, 3363, 3362, 1925, 3361, 3360, 3365, 3366, 3368, 3369, 1501, 3908, 1607, 1922, 1923, 1924, 3909), 110: (350, 4021, 349, 348, 347, 346, 4022, 4026, 4027, 4023, 4024, 4025, 345, 351, 3961), 111: (3781, 334, 255, 121, 3780, 333, 332, 124, 123, 122, 4097, 4096, 120, 3075, 335, 336, 4098, 4099, 4100, 4101), 112: (3469, 3470, 3471, 3472, 3473, 3468, 3467, 3466, 1067, 3465, 107, 106, 3474), 113: (3307, 3306, 3308, 3309, 3305, 3304, 3303, 3301, 3302, 3310, 1891, 1892, 3300, 1606), 114: (3335, 3336, 3337, 1427, 3334, 3333, 3332, 3331, 1426, 1428, 3338, 3339, 3330, 3340), 115: (3246, 3247, 3242, 3245, 3244, 3243, 736, 3241, 1861, 3248, 3249, 1862, 3240, 1863, 1864, 3639, 1306), 116: (664, 665, 666, 667, 663, 662, 668, 661, 660, 669, 4368)}, 'chain_break_method': 'majority_vote', 'embedding_parameters': {}, 'chain_strength': 2654.7678786428173}
