Config: F2_1000-387.13007201785615s14_A200
Number of source variables: 109
Number of target variables: 1370
Time Elapsed: 166.5678312778473
Best State: [0 0 0 0 0 0 0 1 0 0 0 0 0 0 0 0 0 0 0 1 0 0 1 0 0 0 0 0 0 0 1 0 0 0 0 0 0
 0 0 1 0 0 0 1 0 0 0 0 1 1 0 0 0 0 0 0 1 0 1 1 1 1 1 1 0 0 1 0 1 1 1 1 0 1
 1 1 1 1 1 1 1 0 0 1 1 1 1 1 1 0 0 0 1 1 1 1 0 1 1 0 0 0 1 0 1 1 0 0 1]
1011.0	0.11009174311926606
ChainStr/ChainLen: 387.13007201785615/17
Info: {'qpu_sampling_time': 363800.0, 'qpu_anneal_time_per_sample': 200.0, 'qpu_readout_time_per_sample': 143.22, 'qpu_access_time': 379724.37, 'qpu_access_overhead_time': 3434.63, 'qpu_programming_time': 15924.37, 'qpu_delay_time_per_sample': 20.58, 'total_post_processing_time': 18.0, 'post_processing_overhead_time': 18.0}
Embedding Info: {'embedding': {1: (4899, 4900, 4901, 4898, 1690, 1689, 1688, 4902, 1687, 4903, 4904, 1691, 4448), 0: (4929, 4928, 1525, 1524, 1523, 4930, 1945, 4931, 4932, 4933, 4934, 1522), 2: (4823, 4822, 4824, 4825, 4826, 1494, 4827, 1495, 1493, 4828), 3: (5064, 5065, 5066, 5067, 5068, 5069, 1751, 1750, 1749, 1748, 1747, 1746, 4074), 4: (2319, 2318, 2317, 2316, 4107, 4108, 2320, 2321, 2315, 2322, 2323), 5: (2260, 2259, 2258, 2257, 2256, 5277, 2261, 2262, 5278, 5279, 2255, 2254, 2772), 6: (2633, 2634, 2635, 2636, 2632, 2631, 4529, 4528, 4527, 2630, 2637), 7: (4314, 4315, 4316, 4313, 4312, 4317, 4318, 1672, 1673, 1674, 1675, 1676), 8: (2575, 2574, 2573, 2572, 2571, 2570, 2576, 2577, 2578, 5428), 9: (2453, 2452, 2451, 2454, 2450, 2449, 2455, 3957, 3838, 3839, 2456, 2457), 10: (1793, 1792, 1791, 4134, 4137, 4135, 4136, 4164, 1794, 1795, 4059, 4060, 4138, 1796), 11: (4959, 1781, 4989, 4990, 1732, 4991, 4992, 1735, 1734, 1733, 4993, 1731, 1730, 3999), 12: (2138, 4526, 2139, 2140, 4273, 2137, 2136, 2135, 4271, 4272, 2141, 2142), 13: (2423, 2424, 2425, 2426, 2422, 2421, 2427, 5338, 2420, 2419, 3927, 3928), 14: (4837, 4838, 4839, 4840, 1435, 4841, 1343, 4842, 4843, 4844, 4777, 1344, 4567), 15: (2036, 2035, 2034, 2033, 2037, 5111, 5112, 5113, 2032, 5114, 2031), 16: (5033, 5035, 5034, 5036, 5037, 5038, 1661, 1660, 1659, 1658, 1657, 1601, 1656), 17: (4540, 4539, 4538, 4537, 4536, 4541, 1449, 4542, 4543, 4544), 18: (1901, 5169, 5170, 1896, 5171, 1902, 5275, 5276, 1900, 1899, 1898, 5172, 1897, 5173, 1895), 19: (4808, 4809, 4807, 4810, 4806, 1300, 1299, 1298, 4811, 4812, 4813, 4814, 1297, 4252), 20: (5003, 5004, 5005, 1720, 1719, 1718, 5006, 1717, 1716, 5007, 5008), 21: (1283, 1282, 1390, 4341, 4342, 4343, 1284, 4344, 4345, 4346, 4348, 4349, 4347, 1285, 4821), 22: (4749, 4750, 4751, 4752, 4753, 4748, 4747, 1389, 1388, 4754, 1387), 23: (4734, 4735, 4739, 4736, 4737, 4733, 4732, 1359, 1358, 4738), 24: (4555, 4554, 4553, 4552, 4551, 4556, 4557, 4558, 4559, 4550, 1089), 25: (4509, 4514, 4510, 4511, 4512, 4508, 4507, 4506, 4513, 2768, 4505, 2769), 26: (4376, 4372, 4377, 4446, 4378, 4379, 4375, 4374, 2753, 2754, 2755, 4373, 1372, 4454, 2756, 4994, 2726), 27: (4617, 4618, 4619, 2694, 2695, 2693, 4616, 4615, 4614, 2692, 4613, 4289), 28: (2648, 2649, 2650, 2647, 2646, 2651, 2652, 2653, 2645, 2644, 2654, 3989, 5474, 5473, 5429, 5472), 29: (2171, 2172, 5216, 5217, 2170, 2169, 2168, 2167, 2166, 5218), 30: (2483, 2482, 2481, 2484, 3912, 2485, 2486, 2487, 2480, 2488, 3913), 31: (2182, 2181, 4016, 4019, 4017, 2183, 2184, 2185, 4046, 4018, 2186, 2187), 32: (4284, 4285, 4286, 4287, 4283, 1597, 1598, 4288, 1599, 1600, 4282), 33: (4119, 1776, 1777, 4118, 4117, 1778, 4120, 4121, 4122, 1779, 1780, 4123, 4239), 34: (1911, 4269, 1912, 1913, 4268, 4169, 1914, 1915, 4165, 4166, 4167, 4168), 35: (2125, 2124, 2123, 2122, 2126, 2127, 5231, 5232, 5233, 5234, 2121), 36: (2216, 2217, 2215, 2214, 2213, 2212, 2218, 5368, 5366, 5367, 2211, 2210, 5261), 37: (4874, 1646, 4869, 4870, 4871, 4868, 1645, 1644, 1643, 4872, 4873, 1642, 1641), 38: (4179, 4178, 1701, 1702, 4180, 4181, 4182, 4183, 4184, 1703, 1704, 4523, 4584, 4522, 4521), 39: (4884, 4885, 4886, 4887, 4888, 1554, 4889, 1552, 4883, 1555, 1553), 40: (4721, 4719, 4720, 4722, 4718, 4717, 1434, 4716, 4723, 4724, 1433, 1432, 1431, 4147), 41: (4973, 1510, 1509, 1508, 4974, 4975, 4976, 4977, 1616, 4978, 1507, 1506, 4979), 42: (4602, 4603, 4604, 4601, 4600, 4599, 4598, 2724, 2723, 2722, 2725), 43: (2305, 2304, 2303, 2302, 2301, 2306, 2307, 5264, 5262, 5263, 2300, 4106, 2308), 44: (2242, 2243, 2244, 2245, 2246, 2241, 4047, 2240, 4048, 4049, 2247), 45: (1806, 4089, 4090, 4091, 4092, 4093, 1807, 1808, 1809, 1810, 1811), 46: (4571, 4570, 2093, 2094, 4569, 4568, 2092, 4572, 4573, 4574), 47: (4854, 4853, 4852, 1585, 1584, 1583, 4855, 4856, 4857, 4858, 4859, 1582, 1581), 48: (2110, 2109, 2108, 2107, 2111, 2112, 5246, 5249, 2106, 5247, 5248, 4105, 4270, 2090, 4450), 49: (1886, 1885, 1884, 1883, 5125, 1882, 1881, 5155, 5156, 5157, 5158, 5159, 5019, 4449), 50: (4795, 4796, 4797, 4794, 4793, 4798, 4799, 4792, 1374, 4791, 1373, 4597), 51: (2066, 2065, 2064, 2063, 2062, 2061, 5141, 5142, 5143, 2067, 5144, 4586, 2060), 52: (2378, 2379, 2380, 2381, 2382, 2377, 2376, 2383, 2375, 2374, 2384, 3868, 5518, 5519, 3867, 2579, 5442), 53: (4210, 4211, 4212, 4213, 4209, 1852, 1853, 1854, 4208, 1855, 4214, 1536, 1686, 1856), 54: (4764, 4765, 4763, 4762, 4766, 4767, 4768, 1329, 1328, 1327, 4769, 4371, 4356), 55: (4946, 2095, 2097, 4945, 4944, 4943, 1540, 1539, 1538, 2096, 5321, 5322, 5323, 5324, 1537, 4947), 56: (2469, 2468, 2467, 2470, 2471, 2472, 2473, 2466, 2465, 5413, 5414, 5412, 2464, 2713), 57: (2017, 2018, 2019, 2020, 2016, 4064, 4061, 4062, 2021, 2022, 4063), 58: (4225, 4226, 4227, 1926, 1927, 1928, 1929, 1930, 4228, 4224, 4229, 1931), 59: (2362, 2363, 2364, 2361, 2360, 3897, 2365, 2366, 2367, 4452, 3898, 3899), 60: (2050, 2049, 2048, 2047, 2046, 2051, 5126, 5127, 5129, 5128, 2045), 61: (2663, 2662, 2661, 2664, 2665, 2666, 2667, 2660, 2659, 3958, 2668, 5309, 3869, 3943, 3778), 62: (4479, 4480, 4481, 4482, 4483, 4484, 4478, 4477, 4476, 4475, 1193, 1253, 1194), 63: (1837, 1838, 1839, 1840, 4240, 4241, 4242, 4243, 1841, 4244, 1836), 64: (2560, 2561, 2562, 2559, 2558, 2557, 2556, 2563, 2564, 2555, 3884, 5443), 65: (5049, 1826, 1825, 1824, 1823, 1822, 5050, 5051, 5052, 5053, 5054), 66: (4630, 4631, 4632, 4633, 4629, 4628, 4627, 4626, 4634, 4625), 67: (2545, 2544, 2543, 2548, 4453, 2542, 2541, 2546, 2547, 2540, 3883, 3882), 68: (4611, 1148, 1147, 4325, 4326, 4327, 4328, 4329, 4330, 4331, 4612, 4332, 4333, 4334, 1477, 1492), 69: (1956, 1957, 4150, 1941, 4104, 4103, 4151, 4152, 4153, 1958, 1959, 1960, 1961, 4154), 70: (2395, 2396, 2397, 2398, 2394, 2393, 2392, 2391, 2390, 5397, 5398), 71: (2290, 2291, 2292, 5292, 2289, 2288, 5293, 2287, 2286, 5294, 2285), 72: (2347, 2346, 2345, 3822, 3823, 2348, 2349, 2350, 2351, 4587, 2509, 2352, 3763, 3972), 73: (1766, 1765, 1764, 5079, 5080, 5081, 5082, 5083, 1763, 5094, 1857, 1762, 5084, 4524, 4525, 1761), 74: (4704, 4705, 4706, 4707, 4708, 4709, 4703, 4702, 4701, 2679, 2678, 1239, 4499), 75: (4644, 4643, 4642, 4641, 4640, 4645, 4647, 4646, 4648, 4649), 76: (4389, 4388, 1462, 4387, 1464, 1463, 4390, 4391, 4393, 4392, 4394, 1465), 77: (2081, 2080, 2079, 2078, 2077, 5186, 2076, 2075, 5185, 5187, 5188, 1977, 5184, 1916), 78: (2739, 2738, 2737, 4359, 4364, 4363, 4362, 4361, 4360, 4358, 4357, 2740, 4829, 2680, 1448), 79: (4407, 4408, 4409, 2708, 2709, 2710, 4406, 4405, 2711, 4404, 2707, 4403), 80: (4659, 4658, 4657, 4660, 4661, 4662, 4663, 4656, 4664, 1314, 1313), 81: (2200, 2199, 2198, 2201, 2202, 5199, 2197, 2196, 5201, 5202, 5203, 5200, 2195, 5198, 1617), 82: (1976, 5095, 5096, 5097, 1975, 1974, 1973, 5098, 5099, 1972, 1971, 1970), 83: (2336, 2335, 2334, 2333, 2332, 2331, 2337, 2338, 5382, 5383, 2330), 84: (4434, 4435, 4436, 4433, 4432, 1403, 4437, 4438, 4439, 4431, 1404), 85: (2152, 2151, 4076, 4077, 2153, 2154, 2155, 2156, 4078, 4079, 2157, 2150), 86: (2499, 2498, 2497, 2496, 2495, 2500, 2501, 2494, 2502, 2503), 87: (2006, 2005, 2004, 2003, 5020, 5021, 2002, 5022, 5023, 2001, 2007), 88: (2272, 2271, 2270, 4002, 4003, 3987, 2273, 2274, 2275, 2276, 4004, 4451, 2277), 89: (2230, 2229, 5353, 2228, 2231, 2232, 5351, 5352, 2227, 2226, 2225, 2224), 90: (4419, 1357, 4418, 4417, 4420, 4416, 1223, 4566, 4421, 4422, 4423, 4424, 1119, 1120), 91: (4913, 4914, 1627, 4915, 4916, 1631, 1630, 4917, 1629, 4918, 4919, 1628), 92: (4149, 4148, 4031, 1851, 4030, 4032, 1611, 1612, 1613, 1614, 1615, 4223, 4033, 4034, 1821, 2120), 93: (2514, 2515, 2516, 2517, 5459, 5306, 2518, 5308, 5307, 2513, 2512, 2511, 5458, 2510, 5305, 1887), 94: (4779, 4780, 4781, 4782, 4778, 1480, 4783, 4784, 1479, 1478, 4882, 4881), 95: (4464, 4465, 4463, 4462, 4466, 4461, 1268, 1269, 4467, 1270, 4731, 4468, 1342, 4469), 96: (1870, 4964, 1869, 1868, 1867, 4962, 1866, 4960, 4961, 4963, 1871, 1865), 97: (2604, 2603, 2602, 2605, 2601, 2600, 2599, 2606, 2607, 3988, 2608), 98: (2407, 2408, 2409, 2410, 2406, 3777, 2405, 2404, 2411, 2412, 3853, 2413, 3854, 5427, 5426, 2098), 99: (4690, 4691, 4692, 4689, 4688, 4687, 4693, 1419, 4694, 4686, 4685), 102: (4676, 4675, 4674, 4673, 4677, 4671, 4678, 4672, 1254, 4679, 4670), 103: (2589, 2590, 2591, 2592, 2593, 2588, 2587, 2586, 2585, 2584, 5339, 3808, 2569), 104: (2619, 2620, 2621, 4589, 2618, 2617, 2616, 2615, 4588, 2622, 2614, 2623), 105: (4495, 1944, 4494, 4493, 1942, 4492, 4491, 4496, 4497, 4498, 1943), 107: (4254, 4255, 4256, 4257, 4258, 4259, 4253, 1567, 1568, 1569, 1570, 2677, 4447), 108: (2529, 2530, 2531, 2532, 2533, 2528, 2527, 2526, 2534, 2525, 4948, 5563, 5533), 109: (2438, 2437, 2439, 2440, 2441, 2442, 5489, 2436, 2435, 3942, 2443, 3973, 5488), 110: (1987, 4195, 4196, 4197, 4198, 4199, 1988, 1986, 1989, 1990, 1991, 4194), 111: (2782, 4304, 1418, 4303, 4302, 4301, 4300, 4297, 4299, 4298, 2783, 4296, 1417, 4582, 4583, 2784)}, 'chain_break_method': 'majority_vote', 'embedding_parameters': {}, 'chain_strength': 387.13007201785615}
