Config: F_1000-430.59769635495576s14_A400
Number of source variables: 113
Number of target variables: 1404
Time Elapsed: 0.06505942344665527
Best State: [0 0 0 0 0 0 0 0 0 0 0 1 0 0 0 0 0 0 1 0 0 0 0 1 0 0 0 0 0 0 1 0 1 0 0 1 0
 1 0 0 0 0 0 0 0 0 0 0 0 1 0 0 0 0 1 0 1 1 1 0 0 1 1 0 0 0 0 0 0 1 0 1 1 1
 0 1 1 1 0 0 0 0 1 0 0 0 1 1 1 0 0 1 1 1 1 1 1 1 0 0 0 1 1 1 0 1 0 1 0 0 1
 0 1]
2673.0	0.09734513274336283
ChainStr/ChainLen: 430.59769635495576/16
Info: {'qpu_sampling_time': 363240.0, 'qpu_anneal_time_per_sample': 200.0, 'qpu_readout_time_per_sample': 142.66, 'qpu_access_time': 379170.77, 'qpu_access_overhead_time': 3196.23, 'qpu_programming_time': 15930.77, 'qpu_delay_time_per_sample': 20.58, 'total_post_processing_time': 26.0, 'post_processing_overhead_time': 26.0}
Embedding Info: {'embedding': {1: (4160, 1026, 1027, 1028, 1029, 4161, 4162, 4163, 4164, 4165, 4159), 0: (3786, 1204, 1205, 1206, 1207, 3787, 1203, 1474, 1208, 3788, 3789, 1209), 2: (3830, 1054, 1055, 1056, 1057, 1058, 1059, 3831, 3832, 3833, 3834, 3835), 3: (4522, 4521, 4520, 4524, 4519, 4523, 4525, 4526, 4518, 683, 4527, 684), 4: (1295, 1294, 1293, 1292, 3322, 3323, 1296, 1297, 1298, 1299, 3324, 1300), 5: (1625, 1626, 1627, 1628, 1629, 1630, 1624, 1623, 1622, 3503, 1621), 6: (1764, 1763, 1762, 1761, 4822, 1760, 1765, 4821, 4823, 1759, 1758, 4824, 1757, 1756), 7: (1521, 1520, 1519, 1518, 1522, 1523, 1524, 1517, 4778, 1516, 4779), 8: (1280, 3816, 3817, 3818, 1281, 1282, 1283, 1284, 1279, 3819, 1285, 3820), 9: (1130, 3861, 3862, 1131, 1132, 1133, 1134, 3863, 3864, 1129, 1135, 3865), 10: (4702, 4703, 4704, 4701, 4700, 4699, 4705, 4706, 4707, 4698, 2199, 2198, 804), 11: (1789, 1788, 1787, 3339, 3338, 1790, 1791, 1792, 1793, 1794, 3444, 3337, 1795), 12: (1654, 1655, 1656, 1657, 4867, 1658, 1659, 1653, 1660, 4868, 1652, 3534), 13: (4538, 4537, 4536, 4539, 4535, 4534, 4533, 4540, 4541, 713, 4542, 2379, 712), 14: (1864, 1863, 3639, 3638, 3637, 1865, 1866, 1867, 1868, 1869, 1593, 3636, 3635), 15: (1535, 1534, 1533, 1532, 1536, 1537, 3533, 1538, 1531, 1539), 16: (1389, 1388, 1387, 1386, 1385, 4762, 4761, 4760, 4732, 4733, 4734, 4735), 17: (1924, 1925, 1926, 1927, 1928, 3729, 3728, 3727, 3726, 1929, 1923), 18: (3905, 1085, 1086, 1087, 3907, 1088, 3906, 3908, 3909, 1089), 19: (3248, 3247, 1396, 1397, 1398, 1399, 1400, 1401, 1402, 1403, 1404, 3249, 1816, 1405), 20: (1491, 1492, 1490, 1493, 1494, 1495, 1489, 1488, 1487, 1486, 4882), 21: (862, 4308, 4309, 4314, 861, 4310, 4311, 4313, 4312, 4315, 863, 864), 22: (4131, 4128, 4130, 4134, 4129, 786, 4132, 4133, 951, 952, 953, 4249, 4135, 954), 23: (1564, 1565, 1566, 1563, 1562, 1561, 1567, 1568, 1569, 1570, 4928, 1496), 24: (1909, 3759, 3758, 1910, 1911, 1912, 3757, 1913, 1914, 3756, 3755, 3754, 979, 3904), 25: (3488, 3487, 1337, 1338, 1339, 1340, 1341, 1342, 1343, 1344, 3489, 4731), 26: (4794, 1507, 1506, 1505, 1504, 1503, 1508, 1509, 4793, 4792, 1502), 27: (1805, 1804, 1803, 3474, 3472, 3473, 3504, 1806, 1807, 1802, 1808, 1809, 1810), 28: (4428, 4434, 4430, 4433, 4432, 4431, 4429, 2288, 4435, 652, 2289, 4436, 4437), 29: (4356, 4355, 4354, 817, 4357, 4358, 4359, 4360, 818, 4361), 30: (4401, 4402, 4403, 4404, 4405, 4400, 4399, 4406, 4407, 4398, 728, 2332, 2333), 31: (1220, 1221, 3805, 1222, 1223, 1224, 1219, 3801, 3802, 3803, 3804, 1218), 32: (4075, 4076, 2181, 4074, 4073, 4072, 4071, 2121, 2122, 2123, 4070, 2124, 4069, 906), 33: (1985, 3895, 3894, 3893, 1986, 1987, 1988, 1989, 3892, 3891, 1445, 1990), 34: (4221, 4223, 4220, 966, 967, 968, 4222, 4224, 4225, 4226, 969), 35: (1580, 1581, 1582, 1583, 1584, 1579, 1578, 1577, 1585, 3412, 1576, 1442), 36: (3980, 3981, 3982, 3983, 3984, 995, 996, 997, 3985, 998, 999), 37: (1414, 1415, 1416, 1417, 1418, 1413, 1412, 1419, 1420, 1411, 3427, 3428, 3429, 1862), 38: (1637, 1638, 1639, 1640, 1641, 1642, 1643, 1644, 1636, 1645, 3158, 3157, 1320), 39: (4265, 4266, 877, 4267, 4268, 4264, 878, 879, 4269, 4270, 4263, 831, 830, 4039), 40: (1460, 1459, 1458, 1457, 1456, 3217, 1461, 1462, 1463, 1464, 1465, 4837, 4838), 41: (2153, 4418, 4417, 4416, 4415, 2394, 4419, 4420, 4421, 4414, 4422, 4423, 2393, 2152), 42: (3609, 1878, 1879, 1880, 1881, 1882, 1883, 3608, 3607, 3606, 1884), 43: (4145, 1041, 1040, 1042, 1043, 1044, 4146, 4147, 4148, 4149, 4150, 4151), 44: (1613, 1612, 1611, 1610, 1609, 1614, 1615, 4763, 1608, 1607, 1606, 3218), 45: (4101, 4103, 4166, 4102, 4104, 4105, 2075, 2076, 2077, 2078, 4100, 4099, 2079), 46: (3699, 3698, 3697, 3696, 3700, 1999, 2000, 2001, 2002, 2003, 2004, 1384, 3910), 47: (1324, 1325, 1326, 3310, 1327, 1328, 1329, 1323, 1322, 1321, 3307, 3308, 3309, 1847, 1848), 48: (4280, 4281, 4282, 4279, 4284, 892, 893, 4283, 4285, 1447, 894, 891), 49: (4553, 4554, 4555, 4552, 4551, 4550, 4549, 4548, 4556, 4557), 50: (980, 4025, 4027, 4026, 981, 982, 4028, 4029, 4030, 983, 984, 4031), 51: (4672, 4671, 4670, 4669, 4674, 4673, 1449, 4675, 4676, 1448, 4668), 52: (4493, 4492, 4491, 4494, 4495, 4496, 2273, 4490, 4489, 4488, 4497, 2303, 2304), 53: (2045, 3955, 3954, 3953, 2046, 2047, 2048, 3952, 3951, 3950, 2049, 3949), 54: (3354, 1772, 1773, 3352, 1774, 1775, 1776, 1726, 3353, 1777, 1778, 1779, 1780), 55: (4373, 4368, 4376, 4372, 4371, 4370, 4375, 4369, 4374, 2213, 2214), 56: (4210, 2169, 4211, 2167, 2168, 4209, 4208, 4207, 4206, 4205, 4204, 757), 57: (1432, 1433, 1434, 1435, 4777, 1431, 4776, 1430, 1429, 4852, 4853, 1428, 1427, 1540, 3502, 4854), 58: (3576, 3577, 1263, 1264, 1265, 1266, 1267, 1268, 1269, 3578, 1270, 3579, 1262, 1893), 59: (4568, 4567, 4566, 4569, 4565, 4570, 4571, 4572, 4564, 2258, 4563, 2257), 60: (3714, 3715, 1939, 1940, 1941, 1942, 3713, 3712, 3711, 1943, 1944), 61: (2138, 4001, 4000, 3999, 2135, 2136, 2137, 3998, 3997, 2139, 1446, 3996, 3995, 4271, 4316), 62: (1699, 1700, 1701, 1426, 1702, 1703, 3232, 1704, 1698, 3263, 1697, 1696, 3233), 63: (1744, 1743, 1742, 1741, 3398, 3397, 1745, 1746, 1747, 1748, 1749, 3368, 3396), 64: (1685, 1686, 1687, 1688, 1684, 1683, 1682, 3563, 1681, 1689, 3562, 1680), 65: (1651, 1471, 3262, 1351, 1352, 1353, 1354, 1355, 1356, 1357, 1358, 1359, 3202, 3203, 1530), 66: (4087, 4084, 4085, 4086, 4088, 4089, 1010, 1011, 1012, 1013, 1014, 4090), 67: (1819, 1820, 1821, 1822, 1823, 1824, 1825, 1818, 3456, 1817, 3459, 3458, 3457), 68: (4240, 2182, 4239, 4238, 4236, 4237, 4241, 2183, 2184, 4235, 1477, 4234), 69: (4599, 4598, 4597, 4596, 4600, 4601, 4594, 4602, 2364, 2363, 4595, 2362, 759, 4257), 70: (4015, 4009, 4014, 4013, 4012, 1025, 4011, 4010, 4016, 2090, 2091, 2092, 2093, 2094, 815), 71: (1100, 1101, 1102, 1103, 3920, 3921, 3922, 3923, 3924, 1104, 3925), 72: (3965, 3966, 3967, 3968, 1070, 3970, 1071, 1072, 1073, 1074, 3969, 1069), 73: (4044, 4043, 4042, 4041, 2032, 4040, 4045, 4046, 2031, 2033, 2034), 74: (1908, 1249, 1250, 1251, 1252, 3594, 1248, 3593, 3591, 3592, 1253, 1254), 75: (4657, 4658, 4654, 4659, 4656, 4655, 4653, 1479, 4660, 1478, 4661), 76: (3547, 3548, 3549, 1833, 1834, 1835, 1836, 1837, 1838, 1839, 1473, 3546, 1840, 3545, 1113), 77: (4446, 4443, 4447, 4448, 4449, 4445, 4444, 698, 758, 4450, 699, 4451, 4593, 2242), 78: (4119, 4118, 4117, 4116, 4120, 4115, 2106, 2107, 2108, 4114, 2109, 2105), 79: (4389, 4390, 2349, 4391, 4388, 4387, 4386, 4392, 2348, 4385, 4384), 80: (3411, 3442, 1307, 1308, 1309, 1310, 1311, 1312, 1382, 3443, 1313, 1314, 1315, 1472), 81: (4464, 4465, 4466, 4463, 2227, 4462, 4461, 4460, 4459, 4467, 2318, 4458), 82: (1475, 3937, 3938, 3939, 2060, 3940, 2061, 2062, 2063, 2064, 3936, 3935, 1476), 83: (4341, 4342, 4343, 4340, 4339, 847, 4344, 4345, 848, 4346, 849), 84: (1189, 1188, 3725, 1190, 1191, 1192, 1193, 3621, 3622, 3623, 1194, 1983, 3624, 3625), 85: (1984, 3790, 1894, 3745, 3744, 3743, 1895, 1896, 1897, 1898, 3742, 3741, 1899), 86: (1597, 1598, 1599, 4748, 4747, 4746, 4749, 4750, 4751, 1596, 1595, 4745, 1594), 87: (1551, 1550, 1549, 1548, 1547, 1552, 1553, 1554, 3366, 1555, 1546, 1545, 3367), 88: (4506, 4505, 4507, 4508, 4509, 4510, 4511, 4504, 4503, 4512, 638), 89: (2017, 4254, 2018, 2016, 2015, 4256, 2019, 4255, 4253, 4252, 4251, 4250, 2014, 3701), 90: (3682, 3681, 1383, 1158, 1159, 1160, 1161, 1162, 1163, 3683, 1164, 3684, 3685), 91: (4477, 4478, 4476, 4475, 4479, 4474, 4480, 4481, 4482, 4473, 2408, 2409), 92: (4176, 4177, 4178, 4175, 4174, 4179, 876, 4180, 907, 908, 909, 4181, 2226), 93: (1370, 1371, 1372, 1373, 1374, 1369, 1368, 1367, 1366, 3277, 3278, 3279), 94: (1970, 1971, 3880, 3876, 1969, 1972, 3877, 1973, 3879, 3878, 1974, 3875, 1009), 95: (3850, 3849, 3848, 1954, 1955, 1956, 1957, 1958, 1959, 3847, 3846, 3845), 96: (1734, 1733, 1732, 1731, 1730, 4808, 1729, 1728, 4807, 4809, 4806, 1727), 97: (4611, 4610, 4615, 4609, 803, 4612, 4613, 4614, 4616, 802, 2154), 98: (4643, 4642, 4641, 4640, 4639, 4644, 4647, 4645, 4646, 4638, 2228, 2334), 99: (1234, 1233, 1235, 1236, 1237, 3561, 3517, 3516, 3518, 1232, 3519, 1238, 1239, 3520), 100: (1144, 1145, 1146, 1147, 1148, 1149, 3770, 3771, 3772, 3773, 3774), 101: (4296, 4295, 4299, 4297, 4294, 4293, 787, 788, 789, 4298, 4300, 4301), 102: (4627, 4628, 4629, 4630, 4626, 4625, 4624, 4623, 4631, 774, 773), 103: (1714, 1715, 1716, 1717, 1713, 1712, 1711, 1718, 3383, 3382, 1719, 3381), 104: (1174, 1175, 1176, 1177, 1178, 1173, 3651, 3652, 1172, 3653, 3654, 1179, 1444), 105: (4583, 4582, 4581, 4580, 4584, 4579, 4585, 4586, 4587, 2243, 2244), 106: (4687, 4686, 4685, 4684, 729, 4688, 4689, 4690, 4691, 4683, 4692, 819, 639, 2319), 107: (1855, 1854, 1853, 1852, 1851, 1850, 4719, 4718, 4717, 4716, 4765, 1849, 4715), 108: (4326, 4327, 4328, 4329, 4325, 4324, 832, 833, 4330, 834, 4331), 109: (1670, 1671, 1672, 1673, 1674, 3293, 1669, 1668, 1667, 3292, 1675, 4883, 1666, 3291), 110: (4055, 4056, 4057, 936, 937, 938, 4058, 4059, 939, 965, 4054, 4060, 4061), 111: (4191, 4193, 4192, 4194, 4195, 4190, 4189, 816, 4196, 922, 923, 924), 112: (1115, 1114, 3666, 3667, 3668, 3669, 1116, 1117, 1118, 1119, 1120, 3670)}, 'chain_break_method': 'majority_vote', 'embedding_parameters': {}, 'chain_strength': 430.59769635495576}
