Config: F_1000-48.78852324061468s-1_A200
Number of source variables: 38
Number of target variables: 186
Time Elapsed: 5.158881425857544
Best State: [0 0 0 0 1 1 0 0 0 0 0 1 1 0 0 0 0 0 0 1 1 0 0 0 0 0 0 0 1 0 1 1 0 0 0 0 1
 0]
25.0	0.05263157894736842
ChainStr/ChainLen: 48.78852324061468/6
Info: {'qpu_sampling_time': 299820.0, 'qpu_anneal_time_per_sample': 200.0, 'qpu_readout_time_per_sample': 79.28, 'qpu_access_time': 315743.17, 'qpu_access_overhead_time': 2351.83, 'qpu_programming_time': 15923.17, 'qpu_delay_time_per_sample': 20.54, 'total_post_processing_time': 1.0, 'post_processing_overhead_time': 1.0}
Embedding Info: {'embedding': {1: (1559, 5618, 1558, 5619, 1557, 1556), 0: (1752, 1753, 1754, 5183), 2: (1738, 5348, 1737, 1736, 1739), 3: (5499, 5498, 1528, 1529, 5500), 4: (1633, 1632, 1634, 5123), 5: (1603, 1602, 1604, 1601), 6: (1708, 1709, 1707, 5378), 7: (5605, 1589, 5603, 5602, 5604), 8: (5469, 5468, 5470, 1994), 9: (1692, 1693, 1691, 1694, 5228), 10: (5394, 5393, 5392, 1918, 1919, 1917), 11: (5455, 5454, 5453, 1859, 5452), 12: (1424, 5542, 5544, 5545, 5543), 13: (5514, 5515, 1979, 5513, 1903), 14: (5303, 1484, 5304, 5305, 1483, 5587), 15: (5198, 1768, 1767, 1769), 16: (2039, 5485, 5486, 5484, 5483), 17: (5560, 5558, 5559, 5557, 1934), 18: (1678, 1679, 5319, 5318, 1677), 19: (5259, 5260, 2008, 2009, 5258), 20: (1842, 1843, 5349, 1844, 5244, 5243), 21: (5290, 5289, 1813, 1814, 5288), 22: (5438, 5440, 5437, 5439, 2024), 23: (1723, 1722, 1724, 5213), 24: (1949, 5335, 5334, 1948, 5333), 25: (5589, 5588, 1799, 5590), 26: (1618, 1617, 1619, 5168), 27: (5365, 5364, 5363, 1963, 1964, 5362), 28: (1663, 1664, 1662, 5093), 29: (5633, 1574, 1573, 1572, 1571, 5634), 30: (1647, 1648, 1649, 5078), 31: (5409, 1888, 1798, 5408, 1889, 1797), 32: (5154, 1782, 5153, 1783, 1784, 5664), 33: (5573, 2129, 5572, 5574, 5575), 34: (5528, 5529, 5530, 5527), 35: (5424, 1873, 5423, 1874, 1872), 36: (1543, 5648, 1542, 1541, 5649, 1544), 37: (5273, 1828, 5274, 1829)}, 'chain_break_method': 'majority_vote', 'embedding_parameters': {}, 'chain_strength': 48.78852324061468}
