Config: N_1000-43.436297130360295s-1_A200
Number of source variables: 131
Number of target variables: 2390
Time Elapsed: 954.8674409389496
Best State: [0 1 1 0 0 0 1 1 0 0 0 1 0 0 0 0 1 0 0 0 0 1 0 0 0 0 0 0 1 0 0 1 0 1 0 1 0
 0 1 0 1 0 1 0 1 0 0 0 0 0 0 0 0 0 0 0 0 1 1 1 1 1 1 1 1 0 0 0 0 0 0 0 1 0
 1 0 0 0 0 1 0 0 0 1 1 0 1 0 0 0 0 1 1 1 0 1 0 1 1 0 1 0 1 0 1 1 0 1 0 0 1
 0 0 0 0 0 0 1 1 1 1 1 1 1 1 1 1 1 1 1 1]
125.0	0.03816793893129771
ChainStr/ChainLen: 43.436297130360295/30
Info: {'qpu_sampling_time': 382360.0, 'qpu_anneal_time_per_sample': 200.0, 'qpu_readout_time_per_sample': 161.82, 'qpu_access_time': 398283.97, 'qpu_access_overhead_time': 4160.03, 'qpu_programming_time': 15923.97, 'qpu_delay_time_per_sample': 20.54, 'total_post_processing_time': 12.0, 'post_processing_overhead_time': 12.0}
Embedding Info: {'embedding': {1: (323, 324, 325, 326, 3540, 327, 328, 329, 322, 321, 320, 319, 5642, 318, 5641, 5640, 5643, 5644), 0: (623, 624, 625, 626, 627, 628, 622, 621, 620, 4517, 4127, 4126, 619, 618, 4125, 629), 2: (204, 203, 202, 201, 200, 199, 205, 206, 207, 208, 209, 4665), 3: (4281, 4279, 1282, 4284, 4218, 4221, 4220, 4219, 4217, 1371, 4280, 1402, 1403, 1404, 1405, 1406, 1407, 1408, 4282, 606, 4157, 4156, 4155, 1409, 4283), 4: (1327, 4371, 1329, 4370, 4369, 4388, 4368, 1328, 1330, 1331, 4389, 4367, 4366, 1332, 4387, 1333, 4365, 1334, 1326, 1325, 1324, 4390, 1537), 5: (5165, 5166, 1212, 1213, 1214, 5164, 5163, 5162, 5161, 5160, 5167, 5168, 5169, 5170), 6: (4596, 1148, 1632, 1147, 4597, 4598, 1629, 4488, 1630, 1631, 1633, 5348, 1634, 4490, 4489, 1225, 4487, 4486, 5349, 4485, 1224, 1146), 7: (4510, 4509, 4508, 4507, 1358, 4476, 4430, 4475, 2054, 1088, 1087, 4235, 4234, 2049, 4233, 2048, 2050, 2051, 2052, 2053, 4429, 4232, 4231, 4230), 8: (339, 338, 4741, 4740, 340, 341, 342, 343, 337, 344, 336, 335, 334, 333), 9: (4655, 1152, 4656, 1154, 1104, 4659, 4654, 4653, 4652, 4651, 4657, 1149, 1150, 4658, 1151, 1153, 4650, 1089), 10: (833, 832, 831, 830, 834, 4609, 835, 4399, 4398, 4397, 4396, 4395, 836, 837, 838, 829, 839, 828), 11: (4551, 1178, 1284, 1285, 4550, 4549, 1177, 4548, 4547, 4546, 4555, 1176, 1286, 1287, 4554, 1288, 1289, 4552, 4545, 4553, 4326), 12: (354, 353, 352, 351, 350, 355, 356, 349, 357, 358, 348, 359, 4561, 4560), 13: (1898, 4119, 1896, 1897, 1899, 1900, 1901, 4118, 1240, 4112, 4117, 4110, 4116, 561, 4115, 1902, 1903, 4114, 1904, 4113, 4111, 4824, 4821, 4823, 4822, 4791), 14: (1058, 1059, 1060, 1061, 4417, 1062, 1063, 1064, 4415, 4414, 4413, 4416, 1057, 4419, 1056, 4412, 4411, 1055, 1054, 4410, 4418, 1253), 15: (369, 368, 367, 4215, 370, 366, 371, 372, 373, 4216, 365, 364, 374), 16: (804, 803, 802, 801, 800, 805, 4682, 806, 4789, 4683, 807, 808, 4681, 4680, 799, 809, 4790, 1105, 798), 17: (1823, 4194, 4192, 4193, 4191, 4190, 4189, 4188, 4187, 4186, 4185, 1822, 1824, 1825, 1826, 1827, 1828, 1829), 18: (384, 383, 382, 381, 380, 379, 385, 387, 4786, 4785, 386, 388, 389), 19: (1028, 1029, 1030, 1031, 1032, 1033, 1034, 4459, 4458, 4457, 4456, 1027, 1026, 1025, 4455, 1024), 20: (263, 264, 265, 266, 267, 268, 813, 262, 261, 260, 259, 258, 269, 5625, 3676, 3677, 3678, 3679), 21: (4777, 4776, 4775, 4774, 4773, 1573, 4772, 4771, 4770, 1075, 4778, 1570, 1571, 1572, 4779, 4780, 1574, 1509, 1508), 22: (1640, 1641, 1642, 1643, 1644, 1645, 1646, 1647, 1648, 1649, 3982, 3983, 3981, 3980, 3979, 3978, 3977, 3976, 3975), 23: (669, 4262, 668, 667, 666, 665, 664, 4667, 670, 671, 672, 673, 4261, 4260, 674, 3798), 24: (5225, 5226, 5227, 5228, 5229, 957, 5224, 958, 959, 1182, 5223, 5230, 5222, 5221, 1002, 5220), 25: (4343, 1885, 4344, 1882, 4339, 1883, 4342, 1884, 1886, 1887, 1888, 1672, 1889, 4341, 4340, 4338, 4337, 4336, 4335), 26: (1914, 3892, 4314, 1775, 3894, 3893, 3888, 3891, 1777, 3890, 3889, 1913, 3886, 1776, 4913, 1912, 1915, 1916, 4584, 1917, 1918, 4583, 1919, 4915, 3887, 3885, 4044, 1778, 1115, 4914), 27: (1493, 1494, 1495, 1492, 1491, 1490, 4177, 4172, 4176, 4175, 4174, 4173, 4171, 1496, 1497, 5197, 1527, 4170, 1528, 1529, 3848), 28: (4986, 4987, 1436, 1437, 1438, 5467, 4988, 4989, 4990, 4985, 4984, 4983, 4982, 4981, 4980, 1439, 5468), 29: (309, 308, 307, 306, 305, 304, 4052, 310, 4051, 311, 4050, 312, 313, 314, 303), 30: (4626, 4625, 1769, 4576, 4624, 4627, 4628, 1764, 1765, 4575, 1766, 1767, 4629, 4623, 744, 4578, 4577, 1768, 5198, 5199, 4630, 1193), 31: (5120, 4582, 942, 5190, 941, 940, 939, 4580, 5194, 5193, 5192, 5124, 5191, 5121, 5122, 5123, 5125, 943, 944, 4581), 32: (219, 218, 217, 216, 215, 220, 221, 3841, 214, 222, 223, 224, 3840), 33: (174, 175, 176, 177, 178, 179, 173, 172, 171, 170, 169, 168), 34: (5587, 5585, 5586, 5588, 5589, 5584, 5583, 659, 658, 5372, 5371, 5370, 5590), 35: (443, 442, 441, 440, 444, 445, 446, 439, 4516, 4515, 447, 448, 438), 36: (1342, 1341, 1340, 3936, 3935, 3934, 1422, 3933, 3932, 3931, 1343, 907, 1344, 1345, 3930, 4792, 1420, 1421, 1423, 1424, 905, 906), 37: (699, 4758, 4757, 694, 4756, 4755, 700, 698, 697, 696, 695, 701, 702, 703, 704, 4263), 38: (5482, 5481, 5480, 5479, 5478, 5477, 5476, 5475, 5483, 5484, 5485, 5486, 1243), 39: (849, 848, 850, 847, 846, 845, 851, 852, 4816, 853, 4818, 4817, 4815, 854, 844), 40: (5029, 5028, 5027, 566, 567, 568, 569, 4937, 1046, 5030, 5033, 5031, 5032, 5034, 565, 4936, 4935, 1106, 5035), 41: (683, 684, 4080, 685, 686, 682, 681, 4082, 4081, 687, 688, 689, 4278, 680, 679, 4277, 4608), 42: (1610, 1611, 1612, 4036, 1613, 1614, 1615, 4043, 1616, 4038, 4042, 4041, 4040, 4039, 4037, 1617, 1618, 1619, 4035), 43: (4729, 4728, 4727, 4264, 4726, 879, 4010, 878, 1011, 877, 876, 910, 911, 912, 913, 914, 1010, 875, 1009, 4725, 874), 44: (5075, 1137, 1138, 5074, 5073, 5072, 5071, 5076, 5077, 5078, 5070, 1139, 5079, 1107, 5080), 45: (293, 292, 291, 290, 289, 288, 3945, 294, 295, 296, 297, 298), 46: (1791, 1794, 4164, 4163, 4748, 4162, 3901, 4161, 4160, 4159, 4158, 3903, 726, 725, 3902, 1792, 1793, 1795, 1796, 1797, 1798, 1799, 3900, 4749), 47: (399, 398, 4501, 397, 4500, 400, 401, 402, 403, 404, 396, 395, 394), 48: (4805, 4809, 4804, 4807, 4803, 4802, 4801, 1164, 1165, 4806, 4800, 4808, 4810, 1166, 1167, 1168, 1169), 49: (579, 578, 4428, 4427, 4426, 4425, 577, 576, 575, 580, 581, 582, 583, 584, 574), 50: (758, 757, 756, 759, 760, 761, 762, 763, 764, 755, 4353, 754, 4008, 4833, 4007, 4006, 4005, 4834), 51: (5540, 5539, 5538, 1198, 5537, 5536, 5535, 5541, 5542, 5543, 5544, 5545, 1197, 5345), 52: (4236, 4237, 1312, 1311, 3720, 1310, 3831, 3830, 3829, 3828, 4238, 4239, 1943, 4240, 1942, 3721, 1944, 1945, 1946, 1947, 1948, 770, 1949, 769, 3723, 3722, 1207), 53: (5061, 5062, 5063, 1136, 1541, 5057, 1542, 1543, 5060, 5064, 5059, 5058, 5056, 5065, 1346, 1544, 5055, 1135, 1134), 54: (863, 862, 861, 860, 3918, 3917, 864, 3916, 3915, 865, 866, 867, 868, 859, 869, 4668), 55: (519, 4875, 520, 4877, 523, 515, 4876, 521, 522, 518, 517, 516, 514, 524, 4742, 4878, 4879, 880), 56: (188, 187, 186, 5580, 185, 189, 184, 190, 3675, 191, 192, 193, 194, 183, 5581, 5582), 57: (278, 277, 276, 275, 279, 280, 274, 273, 283, 4305, 281, 282), 58: (5106, 5103, 611, 610, 5104, 612, 613, 614, 5109, 5105, 5107, 5108, 5102, 5110, 5101, 5100, 5111), 59: (4716, 4717, 4715, 4714, 4713, 4712, 4711, 4710, 1315, 1316, 1317, 1318, 4718, 4720, 1319, 4719, 1074), 60: (146, 147, 148, 149, 5595, 5596, 5597, 5598, 5599, 5600, 5601, 3601, 5602, 5603, 5604, 1244, 5295, 145, 5605, 144, 143, 142, 141, 140, 139, 138, 3600, 3602), 61: (817, 818, 819, 820, 821, 822, 823, 816, 4996, 815, 814, 4998, 4997, 824, 3768, 3767, 3766, 3765, 724), 62: (1162, 4566, 4568, 1208, 1163, 1161, 4143, 4145, 4144, 4142, 4567, 4569, 1994, 4570, 1989, 1990, 1991, 1992, 1993, 4565, 1314, 4141, 4140), 63: (5025, 503, 504, 505, 506, 5026, 502, 501, 500, 507, 508, 4502, 509, 499, 498), 64: (4328, 1357, 1356, 1355, 3951, 3950, 3949, 3948, 740, 3661, 739, 3663, 1464, 3662, 4372, 1514, 1463, 1465, 4837, 3947, 1510, 1511, 1512, 4327, 1513, 3660, 678, 4477, 1627), 65: (4266, 1297, 1387, 1388, 4022, 4267, 1389, 4265, 1390, 4025, 1391, 1102, 1392, 1393, 1394, 4268, 1101, 4024, 4023, 4021, 4020, 4250, 4269), 66: (5390, 5389, 5391, 1363, 5388, 5387, 5386, 5385, 5395, 5392, 5393, 5394, 1364), 67: (158, 159, 160, 161, 157, 156, 5610, 155, 154, 162, 163, 164, 153, 4350, 5611, 5612), 68: (4703, 4702, 4605, 4701, 4700, 4699, 4704, 564, 4698, 1674, 4697, 4705, 4607, 1780, 4606, 1779, 1781, 1782, 1783, 1784, 5049, 1673, 4463), 69: (2098, 5240, 117, 5244, 5239, 5238, 5237, 5236, 5235, 5241, 1707, 5242, 5243, 5245, 1708, 5469, 5246, 2097, 2099, 1709), 70: (5374, 5373, 5377, 5375, 5283, 5376, 1003, 5380, 5378, 5379, 733, 5282, 5281, 5280, 1004, 5358), 71: (5415, 5420, 5419, 5418, 5417, 5416, 5421, 5423, 5422, 5424, 103, 1558, 1559, 5425), 72: (4957, 4952, 4956, 4955, 4954, 4953, 4951, 1014, 4950, 4958, 4959, 1676, 1677, 1678, 1679, 4960, 1015, 1076, 4961), 73: (5153, 5150, 5148, 5151, 5156, 5152, 5154, 1047, 1048, 5155, 5149, 5147, 5146, 5145, 1049), 74: (5435, 5436, 5434, 5433, 5432, 5437, 5438, 5439, 5440, 5431, 5430), 75: (999, 998, 1000, 1001, 997, 4474, 4473, 4472, 4471, 4999, 881, 882, 883, 996, 4470, 884, 995, 994, 993), 76: (956, 955, 954, 953, 952, 3634, 951, 4943, 4940, 4939, 4938, 4941, 4942, 4944, 1690, 1691, 1692, 1693, 950, 949, 3633, 3632, 3631, 1694, 3630, 513), 77: (428, 429, 4696, 430, 431, 432, 433, 427, 426, 425, 424, 423, 4695), 78: (1298, 4356, 1237, 1236, 3693, 1299, 1300, 1301, 1235, 1234, 2009, 3696, 3695, 3694, 3692, 3691, 4762, 2007, 4763, 4764, 4765, 2005, 2006, 2008, 3690), 79: (5270, 5272, 5271, 1303, 1304, 5273, 5274, 5269, 5268, 5275, 5267, 5266, 5265), 80: (1556, 5002, 1555, 1550, 1554, 1557, 5318, 5319, 1737, 3752, 1738, 1553, 1552, 1551, 1549, 3757, 3756, 3755, 3754, 3753, 3751, 3750, 1739, 3833), 81: (4971, 4970, 4975, 4969, 4972, 4968, 4967, 4966, 4973, 4974, 1601, 1602, 1603, 4976, 1604, 4965, 1211), 82: (1581, 1582, 1583, 4492, 1584, 1585, 1586, 1587, 1566, 1588, 1589, 4073, 4072, 4071, 4070, 4069, 4068, 4067, 4066, 4065, 1565), 83: (593, 594, 595, 589, 4862, 596, 597, 4352, 592, 591, 4096, 4097, 4095, 4351, 598, 599, 590), 84: (3880, 1925, 1926, 1927, 1928, 1929, 1930, 1931, 1932, 1933, 1934, 3879, 3878, 3877, 3876, 3875, 3874, 3873, 3872, 3871, 3870, 4839), 85: (5496, 5495, 5494, 5500, 5497, 5498, 5499, 5493, 5492, 5491, 5501, 2024, 5490, 44, 43, 42, 41), 86: (1118, 4386, 4385, 4505, 4384, 4383, 4382, 1117, 4401, 4402, 4403, 4381, 4404, 1119, 1120, 1121, 1116, 1122, 1123, 4380, 1124, 4056, 4405, 4761), 87: (5357, 5299, 5300, 5301, 1227, 1228, 5302, 1229, 5298, 657, 5356, 5355, 5303, 5297, 5304, 5305, 5306), 88: (1580, 3907, 1519, 3787, 1660, 3786, 4013, 3785, 3784, 3783, 3782, 3781, 3998, 1656, 1657, 1663, 1658, 1659, 1661, 1662, 1664, 3780, 1339, 5048, 3997), 89: (4563, 4564, 635, 774, 779, 775, 776, 777, 778, 638, 637, 4307, 4306, 562, 4202, 4201, 4200, 639, 636, 634, 633), 90: (5405, 5406, 5407, 1183, 5404, 5408, 5403, 5402, 5401, 5400, 5409, 5410, 5466, 5465, 5464), 91: (1254, 1349, 4641, 4640, 4644, 4639, 4638, 4637, 4636, 1257, 4635, 4642, 4643, 1255, 1256, 5196, 1347, 1348), 92: (4926, 4925, 4924, 4923, 1452, 4931, 4922, 4921, 4927, 4928, 4929, 4930, 4920, 1210, 1451, 1453, 1454, 1180), 96: (248, 249, 250, 251, 252, 253, 247, 246, 245, 244, 243, 254, 3585), 98: (4129, 4130, 4131, 4132, 1750, 4133, 1746, 1747, 1748, 1749, 1751, 1752, 936, 604, 4055, 4054, 4053, 605, 1753, 3797, 3796, 3795, 1754), 99: (1835, 3819, 1609, 3818, 3817, 3816, 3815, 3814, 1838, 3813, 3812, 3811, 3810, 1837, 1836, 1839, 1840, 1841, 1842, 1843, 1844, 1265, 1266, 5320, 4146), 100: (968, 969, 970, 971, 908, 972, 5627, 973, 967, 966, 4297, 4294, 4293, 4292, 4291, 965, 964, 974, 5629, 5628, 5626, 4290, 4504, 4295, 4296, 4610, 4611), 101: (654, 653, 4622, 4620, 652, 655, 656, 4621, 650, 641, 642, 651, 649, 648, 643, 3603), 102: (1399, 4012, 1476, 3736, 1477, 1478, 1479, 1370, 1480, 1481, 1482, 3739, 1483, 1484, 3735, 4011, 1595, 4086, 4085, 4083, 4084, 1400, 3741, 3740, 3738, 3737, 4028, 1221), 103: (4254, 4253, 4252, 3993, 4251, 1132, 1131, 1130, 3995, 3994, 3992, 3991, 3990, 4255, 1972, 1973, 1974, 1975, 1976, 1977, 1978, 1979, 4310, 4645, 4660, 4309), 104: (5285, 5286, 5287, 5288, 5342, 5289, 5284, 1017, 5344, 5343, 5341, 5340, 1018, 1019, 5290, 5291), 105: (532, 531, 530, 529, 3827, 3826, 533, 534, 535, 536, 537, 538, 528, 539, 3825), 106: (5445, 5450, 5454, 5449, 5451, 5452, 5453, 5448, 5447, 5446, 5455), 107: (549, 548, 547, 546, 545, 550, 551, 552, 553, 4247, 4246, 554, 4245, 544), 108: (985, 986, 5044, 5043, 5042, 984, 983, 982, 981, 980, 5041, 5040, 987, 988, 989, 979, 4909, 978), 109: (788, 789, 4321, 787, 4323, 4322, 4320, 790, 791, 792, 793, 4518, 794, 786, 785, 784, 4519, 783), 110: (5016, 5013, 5017, 5018, 5019, 5020, 5015, 5014, 5012, 5011, 5010, 1871, 1872, 1873, 1874, 1706, 1181, 1870), 111: (5569, 5568, 5567, 734, 5463, 5570, 5566, 5565, 5571, 5572, 5573, 5574, 5575, 5462, 5461), 112: (488, 487, 486, 489, 485, 4276, 4275, 484, 490, 491, 492, 493, 494, 483), 113: (5553, 5555, 5554, 5552, 5558, 5550, 5556, 5557, 5559, 284, 5551, 1094, 5560, 644, 1184, 479, 434, 449, 299), 114: (1430, 1431, 3963, 1432, 1433, 1434, 1435, 4867, 4868, 4869, 1855, 1856, 1857, 3962, 1858, 1859, 1429, 3960, 3967, 3966, 3965, 3964, 3961, 4432), 115: (715, 4863, 640, 4830, 709, 4831, 4832, 714, 713, 716, 712, 711, 710, 717, 718, 719, 4308), 116: (5330, 1108, 5331, 5332, 5333, 5334, 5329, 5328, 5327, 5335, 5326, 5325, 1468, 1469, 5336, 1362), 117: (5255, 5254, 5253, 5252, 1499, 5256, 5257, 5258, 5259, 5260, 1498, 5251, 5250), 118: (473, 472, 471, 470, 474, 475, 476, 477, 478, 4441, 4440, 469, 468, 4562), 119: (922, 923, 924, 925, 926, 927, 928, 921, 929, 920, 3859, 3858, 3857, 3856, 3855, 4204, 4203, 919), 120: (5180, 5181, 5182, 5183, 5184, 5179, 5178, 5177, 5176, 1077, 1078, 1079, 5175, 5185), 121: (414, 415, 4861, 416, 417, 413, 412, 411, 410, 409, 418, 419, 4860), 122: (5211, 5212, 5116, 5001, 5213, 5210, 732, 5209, 5208, 5118, 5117, 5214, 1242, 5215, 897, 898, 1092, 1093, 5115, 2082, 2083, 2084, 5591, 731, 730, 1241), 123: (4734, 4733, 4732, 4731, 4730, 1044, 4595, 4594, 4593, 4592, 4591, 4746, 4590, 1209, 2035, 4745, 4744, 2038, 1734, 1735, 1736, 1810, 4735, 2036, 2037, 2039), 124: (1269, 4671, 1374, 1375, 1376, 1377, 1378, 4535, 4672, 4673, 4674, 4675, 4531, 1270, 4536, 4534, 4533, 4532, 4530, 1379, 4882, 4912), 125: (5316, 5315, 5314, 5313, 5312, 5311, 1258, 1259, 5310, 5317, 5361, 5362, 5363, 5364, 5365), 126: (1521, 3647, 1520, 3952, 1460, 1523, 3847, 3846, 3646, 3845, 3844, 3843, 3842, 1522, 1524, 4793, 4794, 4795, 3645, 1960, 1961, 1962, 1963, 559, 4208, 1100, 1964, 560, 1525), 127: (5511, 5512, 5513, 5514, 5515, 5509, 5510, 5508, 1274, 5507, 5506, 5505, 5516), 128: (5135, 5136, 1196, 5139, 1195, 1194, 5140, 5134, 749, 5133, 5132, 5131, 5130, 747, 748, 4911, 5137, 5138, 5141), 129: (4845, 4851, 4850, 4849, 4848, 4847, 4846, 4852, 4853, 1720, 1721, 1722, 4855, 1723, 4854, 1360, 1724, 1361), 130: (4890, 4897, 4896, 4895, 4894, 4893, 1271, 4898, 4892, 4891, 4899, 1811, 1812, 1272, 1813, 4900, 1814, 1273), 131: (5092, 5091, 1302, 5090, 5089, 5088, 5087, 2067, 5086, 5085, 5093, 5094, 5095, 2066, 2068, 2069, 1526), 132: (234, 235, 236, 237, 238, 239, 233, 232, 231, 230, 229, 4995, 4905, 3706, 3707), 133: (5525, 5524, 5523, 5522, 5521, 5520, 5526, 5527, 5528, 1109, 5529, 5530), 134: (458, 457, 456, 459, 455, 454, 460, 3946, 461, 462, 463, 453, 464, 5206, 5205, 4787, 4907, 4906)}, 'chain_break_method': 'majority_vote', 'embedding_parameters': {}, 'chain_strength': 43.436297130360295}
